time (s)	coil I (A)	last det (V)	int current (uC)
6649.665498	0.683644	-14.843750	476.171875
6649.667500	0.914221	-14.843750	476.171875
6649.669501	0.931978	-14.843750	476.171875
6649.671501	0.929622	10.225842	-0.032485
6650.737551	0.672988	-133.007812	5.859375
6650.739555	0.910509	-133.007812	5.859375
6650.741559	0.932216	-133.007812	5.859375
6650.743563	0.929783	10.227613	-0.000872
6651.757599	0.768126	-16.601562	487.597656
6651.759602	0.931660	-16.601562	487.597656
6651.761601	0.930863	10.239490	-0.025001
6652.827660	0.613924	-132.617187	5.664062
6652.831661	0.932509	-132.617187	5.664062
6652.833664	0.929700	-132.617187	5.664062
6652.835664	0.927886	10.206743	0.000199
6653.843698	0.341643	-16.210937	488.085937
6653.845699	0.641750	-16.210937	488.085937
6653.849697	0.931818	-16.210937	488.085937
6653.851701	0.929119	-16.210937	488.085937
6653.853701	0.927377	10.201151	-0.029352
6654.917758	0.847269	-130.371094	6.152344
6654.919758	0.934019	-130.371094	6.152344
6654.921758	0.930854	10.239391	0.169768
6655.935823	0.810461	-16.894531	495.898437
6655.937825	0.934221	-16.894531	495.898437
6655.943823	0.927853	10.206388	-0.025005
6657.006379	0.505735	-134.960937	5.566406
6657.008382	0.800136	-134.960937	5.566406
6657.010380	0.933245	-134.960937	5.566406
6657.012382	0.930684	10.237522	0.005150
6658.024406	0.376400	-15.039062	475.976562
6658.026413	0.675233	-15.039062	475.976562
6658.028419	0.911628	-15.039062	475.976562
6658.030420	0.932064	-15.039062	475.976562
6658.032421	0.929648	10.226125	-0.031498
6659.098462	0.931777	-138.281250	5.078125
6659.100465	0.933525	-138.281250	5.078125
6659.102465	0.931234	10.243575	0.002013
6660.117018	0.766825	-16.699219	500.781250
6660.119020	0.931364	-16.699219	500.781250
6660.121022	0.930675	10.237424	-0.033318
6661.183578	0.318871	-135.742187	6.640625
6661.185578	0.619903	-135.742187	6.640625
6661.187578	0.885057	-135.742187	6.640625
6661.189578	0.932395	-135.742187	6.640625
6661.191579	0.929655	10.226205	0.002144
6662.211660	0.933168	-13.574219	485.839844
6662.213663	0.930014	-13.574219	485.839844
6662.215664	0.928140	10.209535	0.136590
6663.275724	0.717420	-135.449219	7.714844
6663.277727	0.923971	-135.449219	7.714844
6663.279728	0.931298	-135.449219	7.714844
6663.281727	0.928977	10.218742	0.008018
6664.298290	0.270576	-12.988281	474.902344
6664.300293	0.573761	-12.988281	474.902344
6664.302293	0.855930	-12.988281	474.902344
6664.304291	0.933119	-12.988281	474.902344
6664.306291	0.930121	10.231327	-0.027530
6665.358298	0.296822	-137.207031	8.105469
6665.360302	0.598785	-137.207031	8.105469
6665.362302	0.872489	-137.207031	8.105469
6665.364300	0.932430	-137.207031	8.105469
6665.366301	0.929550	10.225053	0.004785
6666.390864	0.433258	-13.769531	477.246094
6666.392866	0.730355	-13.769531	477.246094
6666.394865	0.926968	-13.769531	477.246094
6666.396866	0.931563	-13.769531	477.246094
6666.398866	0.929382	10.223200	-0.010262
6667.448922	0.548218	-128.613281	9.472656
6667.450925	0.836888	-128.613281	9.472656
6667.452925	0.934537	-128.613281	9.472656
6667.454924	0.931360	10.244957	-0.003182
6668.485026	0.445469	-15.234375	481.347656
6668.487027	0.742332	-15.234375	481.347656
6668.489029	0.928807	-15.234375	481.347656
6668.491028	0.931125	-15.234375	481.347656
6668.493029	0.928866	10.217528	-0.005396
6669.533083	0.366513	-132.226562	8.886719
6669.535085	0.665614	-132.226562	8.886719
6669.537085	0.907169	-132.226562	8.886719
6669.541084	0.929215	-132.226562	8.886719
6669.543085	0.927528	10.202808	-0.018832
6670.577662	0.535724	-19.824219	487.207031
6670.579663	0.826540	-19.824219	487.207031
6670.581663	0.934395	-19.824219	487.207031
6670.583663	0.931337	10.244709	0.020814
6671.621700	0.469203	-127.929687	7.714844
6671.623701	0.765371	-127.929687	7.714844
6671.625701	0.931129	-127.929687	7.714844
6671.627701	0.930586	10.236441	-0.017696
6672.670228	0.460844	-20.019531	480.078125
6672.672229	0.757284	-20.019531	480.078125
6672.674230	0.930726	-20.019531	480.078125
6672.676230	0.931050	10.241554	-0.006912
6673.712294	0.785152	-125.878906	6.054687
6673.714295	0.932366	-125.878906	6.054687
6673.716295	0.930478	10.235262	-0.023369
6674.760836	0.243316	-26.660156	507.324219
6674.762838	0.548270	-26.660156	507.324219
6674.764839	0.836730	-26.660156	507.324219
6674.766837	0.933673	-26.660156	507.324219
6674.768838	0.930642	10.237061	-0.004612
6675.799427	0.441041	-125.781250	3.417969
6675.801429	0.737902	-125.781250	3.417969
6675.803428	0.928239	-125.781250	3.417969
6675.807426	0.929112	-125.781250	3.417969
6675.809427	0.927541	10.202950	-0.021572
6676.849980	0.271966	-28.906250	505.371094
6676.851982	0.575002	-28.906250	505.371094
6676.853981	0.856613	-28.906250	505.371094
6676.855983	0.932741	-28.906250	505.371094
6676.857982	0.929711	10.226825	0.002490
6677.888560	0.307871	-123.730469	2.148437
6677.890563	0.609386	-123.730469	2.148437
6677.892562	0.879094	-123.730469	2.148437
6677.894560	0.932774	-123.730469	2.148437
6677.896562	0.929971	10.229679	-0.011737
6678.940586	0.446891	-26.757812	488.867187
6678.942592	0.497854	-26.757812	488.867187
6678.944597	0.931947	-26.757812	488.867187
6678.948596	0.932151	-26.757812	488.867187
6678.950597	0.930706	10.237761	-0.001441
6679.980660	0.320591	-120.312500	0.683594
6679.982662	0.621495	-120.312500	0.683594
6679.984663	0.885984	-120.312500	0.683594
6679.986664	0.932246	-120.312500	0.683594
6679.988662	0.929522	10.224743	-0.020630
6681.030740	0.548678	-30.957031	514.648437
6681.032743	0.837217	-30.957031	514.648437
6681.034741	0.934506	-30.957031	514.648437
6681.036741	0.931336	10.244691	-0.005633
6682.070743	0.415434	-122.949219	-0.292969
6682.072745	0.713001	-122.949219	-0.292969
6682.074745	0.923508	-122.949219	-0.292969
6682.076744	0.932171	-122.949219	-0.292969
6682.078747	0.929867	10.228536	-0.013258
6683.118762	0.407236	-31.054687	511.621094
6683.120766	0.705033	-31.054687	511.621094
6683.122764	0.920449	-31.054687	511.621094
6683.124764	0.931001	-31.054687	511.621094
6683.126764	0.930910	10.240012	-0.001238
6684.163303	0.569810	-126.464844	-0.585937
6684.165304	0.853079	-126.464844	-0.585937
6684.167305	0.933191	-126.464844	-0.585937
6684.169304	0.930126	10.231389	0.201538
6685.210253	0.633664	-26.660156	485.937500
6685.214255	0.931933	-26.660156	485.937500
6685.216255	0.929381	-26.660156	485.937500
6685.218256	0.927636	10.203996	0.556336
6686.254307	0.721427	-124.414062	-0.683594
6686.256308	0.924630	-124.414062	-0.683594
6686.258308	0.931073	-124.414062	-0.683594
6686.260309	0.928763	10.216394	-0.012804
6687.296327	0.272620	-29.687500	505.957031
6687.298334	0.575637	-29.687500	505.957031
6687.300341	0.858016	-29.687500	505.957031
6687.302341	0.933014	-29.687500	505.957031
6687.304341	0.929980	10.229785	-0.007533
6688.342348	0.508708	-127.441406	-0.781250
6688.344349	0.802856	-127.441406	-0.781250
6688.346349	0.933520	-127.441406	-0.781250
6688.348351	0.930856	10.239418	-0.013574
6689.389294	0.419788	-26.171875	488.085937
6689.391294	0.717249	-26.171875	488.085937
6689.393296	0.924132	-26.171875	488.085937
6689.397296	0.929340	-26.171875	488.085937
6689.399297	0.927677	10.204448	-0.012800
6690.431345	0.992367	-126.953125	-0.781250
6690.433346	0.734041	-126.953125	-0.781250
6690.435346	0.927202	-126.953125	-0.781250
6690.437348	0.930988	-126.953125	-0.781250
6690.439345	0.928774	10.216510	-0.017658
6691.478308	0.349627	-27.246094	497.167969
6691.480308	0.362333	-27.246094	497.167969
6691.482308	0.900006	-27.246094	497.167969
6691.484314	0.931679	-27.246094	497.167969
6691.486316	0.929031	10.219336	0.001488
6692.520374	0.526323	-127.441406	-0.488281
6692.522376	0.818451	-127.441406	-0.488281
6692.524377	0.933327	-127.441406	-0.488281
6692.526376	0.930438	10.234818	-0.022229
6693.572371	0.577321	-27.539062	499.902344
6693.574380	0.858212	-27.539062	499.902344
6693.576386	0.932800	-27.539062	499.902344
6693.578390	0.929750	10.227250	0.262279
6694.610970	0.693329	-127.441406	0.390625
6694.612971	0.917209	-127.441406	0.390625
6694.614971	0.931419	-127.441406	0.390625
6694.616970	0.929126	10.220382	-0.026217
6695.663909	0.657459	-26.171875	500.292969
6695.665913	0.903775	-26.171875	500.292969
6695.669911	0.929436	-26.171875	500.292969
6695.671911	0.927729	10.205014	0.000231
6696.698462	0.396151	-124.121094	3.222656
6696.700464	0.694317	-124.121094	3.222656
6696.702464	0.918167	-124.121094	3.222656
6696.704463	0.932305	-124.121094	3.222656
6696.708462	0.928294	10.211236	-0.025824
6697.750437	0.288214	-19.726562	479.785156
6697.754438	0.867187	-19.726562	479.785156
6697.756439	0.932776	-19.726562	479.785156
6697.758440	0.929846	10.228305	-0.003556
6698.788476	0.401080	-123.046875	5.468750
6698.790478	0.699104	-123.046875	5.468750
6698.792478	0.918844	-123.046875	5.468750
6698.794478	0.931166	-123.046875	5.468750
6698.800476	0.925851	10.184365	-0.021540
6699.840501	0.457585	-17.968750	478.125000
6699.842504	0.754110	-17.968750	478.125000
6699.846501	0.930609	-17.968750	478.125000
6699.848501	0.928556	10.214116	0.002849
6700.886577	0.894870	-130.566406	5.566406
6700.888585	0.929921	-130.566406	5.566406
6700.892587	0.926809	10.194894	-0.018501
6701.927161	0.494770	-14.550781	479.101562
6701.929163	0.789925	-14.550781	479.101562
6701.931163	0.933464	-14.550781	479.101562
6701.933163	0.931300	10.244301	-0.001005
6702.973230	0.349724	-134.570312	6.250000
6702.975230	0.649362	-134.570312	6.250000
6702.977229	0.658380	-134.570312	6.250000
6702.979230	0.931505	-134.570312	6.250000
6702.981231	0.928961	10.218575	-0.011386
6704.016204	0.736310	-13.476562	485.351562
6704.020204	0.931483	-13.476562	485.351562
6704.022204	0.929332	-13.476562	485.351562
6704.024204	0.927729	10.205024	-0.010318
6705.068753	0.719053	-130.761719	6.445312
6705.070754	0.924070	-130.761719	6.445312
6705.072755	0.930953	-130.761719	6.445312
6705.076753	0.927050	10.197553	-0.004744
6706.100793	0.544455	-12.695312	486.230469
6706.102795	0.833835	-12.695312	486.230469
6706.104796	0.934508	-12.695312	486.230469
6706.106795	0.931372	10.245090	-0.015864
6707.163359	0.646203	-139.062500	4.980469
6707.165359	0.898385	-139.062500	4.980469
6707.167360	0.931601	-139.062500	4.980469
6707.169359	0.929047	10.219514	-0.002981
6708.187391	0.497792	-8.300781	471.582031
6708.189393	0.792819	-8.300781	471.582031
6708.191393	0.933300	-8.300781	471.582031
6708.193393	0.931026	10.241288	-0.016169
6709.255417	0.649052	-132.519531	3.417969
6709.257421	0.899895	-132.519531	3.417969
6709.259419	0.931722	-132.519531	3.417969
6709.261420	0.929200	10.221197	0.000525
6710.279469	0.804744	-9.179687	479.785156
6710.281472	0.933156	-9.179687	479.785156
6710.285470	0.928545	10.213992	-0.018330
6711.347527	0.808785	-138.964844	3.125000
6711.349529	0.932654	-138.964844	3.125000
6711.351528	0.932656	10.259216	0.001843
6712.366518	0.525779	-10.546875	490.625000
6712.368520	0.818143	-10.546875	490.625000
6712.370519	0.934628	-10.546875	490.625000
6712.372522	0.931638	10.248014	-0.021023
6713.435093	0.376724	-133.007812	2.734375
6713.437093	0.675505	-133.007812	2.734375
6713.439095	0.910994	-133.007812	2.734375
6713.441096	0.914367	-133.007812	2.734375
6713.443100	0.929084	10.219921	0.001342
6714.455145	1.321495	-7.421875	476.367187
6714.457145	0.772391	-7.421875	476.367187
6714.459146	0.933073	-7.421875	476.367187
6714.461146	0.932032	10.252357	-0.024249
6715.527212	0.542414	-133.593750	2.343750
6715.529213	0.832151	-133.593750	2.343750
6715.531214	0.934429	-133.593750	2.343750
6715.533212	0.931263	10.243894	0.077310
6716.545241	0.491448	-10.546875	484.179687
6716.547241	0.786759	-10.546875	484.179687
6716.549242	0.933158	-10.546875	484.179687
6716.551244	0.931137	10.242502	-0.023249
6717.617795	0.708885	-140.234375	0.292969
6717.623795	0.929393	-140.234375	0.292969
6717.625797	0.927781	-140.234375	0.292969
6717.627797	0.927736	10.205094	0.003571
6718.634388	0.445317	-7.421875	468.847656
6718.638387	0.929072	-7.421875	468.847656
6718.640388	0.931577	-7.421875	468.847656
6718.642390	0.929381	10.223191	-0.027594
6719.710461	0.932448	-141.503906	0.390625
6719.712465	0.929497	-141.503906	0.390625
6719.716462	0.926217	10.188389	0.000956
6720.725428	0.523329	-7.421875	470.117187
6720.727430	0.815869	-7.421875	470.117187
6720.729428	0.934197	-7.421875	470.117187
6720.731431	0.931235	10.243584	-0.018769
6721.797480	0.741199	-139.453125	1.074219
6721.799482	0.928562	-139.453125	1.074219
6721.801487	0.931090	-139.453125	1.074219
6721.803481	0.928869	10.217555	0.005102
6722.818430	0.742252	-9.667969	484.082031
6722.820432	0.929024	-9.667969	484.082031
6722.822432	0.931411	-9.667969	484.082031
6722.824431	0.929232	10.221552	-0.024308
6723.884990	0.602051	-139.355469	1.562500
6723.886992	0.613096	-139.355469	1.562500
6723.888993	0.932670	-139.355469	1.562500
6723.890992	0.929785	10.227632	0.389000
6724.907951	0.447256	-7.617187	472.753906
6724.909958	0.743950	-7.617187	472.753906
6724.911960	0.929945	-7.617187	472.753906
6724.913963	0.930939	-7.617187	472.753906
6724.915963	0.929810	10.227915	-0.011716
6725.971957	0.456268	-141.113281	2.636719
6725.973958	0.752723	-141.113281	2.636719
6725.975962	0.930643	-141.113281	2.636719
6725.977962	0.931464	10.246109	0.001926
6727.000041	0.532877	-6.054687	457.617187
6727.002042	0.824238	-6.054687	457.617187
6727.004044	0.934742	-6.054687	457.617187
6727.006042	0.931750	10.249247	-0.017060
6728.060090	0.486362	-133.496094	3.808594
6728.062089	0.782028	-133.496094	3.808594
6728.064090	0.932960	-133.496094	3.808594
6728.066090	0.931281	10.244089	0.005286
6729.092135	0.388628	-7.714844	463.964844
6729.094135	0.687031	-7.714844	463.964844
6729.098134	0.931746	-7.714844	463.964844
6729.100135	0.929356	-7.714844	463.964844
6729.102136	0.927672	10.204394	-0.004474
6730.146202	0.519968	-129.589844	5.273437
6730.148204	0.812942	-129.589844	5.273437
6730.150204	0.934146	-129.589844	5.273437
6730.152204	0.931348	10.244824	-0.004476
6731.186240	0.469054	-10.351562	466.699219
6731.188240	0.765308	-10.351562	466.699219
6731.190242	0.931412	-10.351562	466.699219
6731.192242	0.930917	10.240092	0.001623
6732.234320	0.547596	-133.984375	3.808594
6732.236321	0.836859	-133.984375	3.808594
6732.238323	0.937323	-133.984375	3.808594
6732.240322	0.934275	10.277020	-0.008713
6733.278882	0.484360	-12.011719	465.722656
6733.280883	0.780046	-12.011719	465.722656
6733.282884	0.932386	-12.011719	465.722656
6733.286883	0.928603	10.214630	0.002112
6734.320940	0.503076	-129.296875	2.050781
6734.324945	0.933385	-129.296875	2.050781
6734.326946	0.933524	-129.296875	2.050781
6734.328946	0.928973	10.218698	-0.016643
6735.371493	0.492981	-16.308594	470.605469
6735.375493	0.933497	-16.308594	470.605469
6735.377495	0.931437	-16.308594	470.605469
6735.379501	0.929404	10.223448	0.006116
6736.409587	0.532893	-124.414062	0.292969
6736.411588	0.824158	-124.414062	0.292969
6736.415587	0.931183	-124.414062	0.292969
6736.417590	0.929306	10.222367	0.004126
6737.463662	0.590973	-18.066406	471.582031
6737.465665	0.867405	-18.066406	471.582031
6737.467664	0.932509	-18.066406	471.582031
6737.469663	0.929594	10.225532	0.010071
6738.497701	0.407873	-126.757812	-2.441406
6738.499709	0.705694	-126.757812	-2.441406
6738.501717	0.720117	-126.757812	-2.441406
6738.503722	0.924761	-126.757812	-2.441406
6738.505722	0.929358	10.222934	-0.014713
6739.551772	0.463648	-25.488281	498.535156
6739.553775	0.759906	-25.488281	498.535156
6739.555774	0.930926	-25.488281	498.535156
6739.557773	0.930897	10.239870	-0.000931
6740.587775	0.421633	-129.687500	-3.808594
6740.589777	0.718937	-129.687500	-3.808594
6740.591778	0.924081	-129.687500	-3.808594
6740.593777	0.931017	-129.687500	-3.808594
6740.595778	0.928707	10.215774	-0.023409
6741.643777	0.762369	-24.609375	492.871094
6741.645779	0.930832	-24.609375	492.871094
6741.647780	0.930573	10.236307	0.002488
6742.678343	0.272479	-124.316406	-4.589844
6742.680345	0.575511	-124.316406	-4.589844
6742.682346	0.856883	-124.316406	-4.589844
6742.684346	0.932703	-124.316406	-4.589844
6742.686346	0.929581	10.225389	-0.010883
6743.730395	0.336342	-21.386719	475.976562
6743.732398	0.636483	-21.386719	475.976562
6743.734398	0.893662	-21.386719	475.976562
6743.736398	0.931702	-21.386719	475.976562
6743.738398	0.929097	10.220072	0.001478
6744.768420	0.369548	-125.781250	-5.957031
6744.770420	0.668454	-125.781250	-5.957031
6744.772421	0.908529	-125.781250	-5.957031
6744.776421	0.929548	-125.781250	-5.957031
6744.778421	0.927776	10.205538	-0.013376
6745.822506	0.520358	-28.222656	505.664062
6745.824508	0.934311	-28.222656	505.664062
6745.826509	0.931663	10.248289	-0.005864
6746.862494	0.876446	-129.785156	-6.445312
6746.864495	0.932533	-129.785156	-6.445312
6746.866497	0.929687	10.226560	0.391600
6747.910490	0.585694	-24.804687	490.039062
6747.912492	0.863945	-24.804687	490.039062
6747.914491	0.932713	-24.804687	490.039062
6747.916491	0.929748	10.227233	0.003650
6748.950595	0.468664	-123.046875	-6.347656
6748.952597	0.764805	-123.046875	-6.347656
6748.954597	0.932195	-123.046875	-6.347656
6748.956601	0.931816	10.249973	-0.012444
6750.000665	0.616076	-21.289062	474.511719
6750.002666	0.882813	-21.289062	474.511719
6750.004667	0.932291	-21.289062	474.511719
6750.006665	0.929465	10.224113	0.469460
6751.038696	0.418395	-128.320312	-7.128906
6751.040699	0.715907	-128.320312	-7.128906
6751.042698	0.922915	-128.320312	-7.128906
6751.044699	0.930536	-128.320312	-7.128906
6751.046698	0.928173	10.209907	-0.014839
6752.089636	0.389124	-22.558594	480.761719
6752.091638	0.687358	-22.558594	480.761719
6752.093638	0.915200	-22.558594	480.761719
6752.095637	0.931328	-22.558594	480.761719
6752.097638	0.928937	10.218307	0.006318
6753.129664	0.564092	-123.925781	-4.980469
6753.131667	0.848930	-123.925781	-4.980469
6753.133667	0.933355	-123.925781	-4.980469
6753.135665	0.930201	10.232213	0.178440
6754.181707	0.471297	-20.507812	480.859375
6754.183708	0.767318	-20.507812	480.859375
6754.185709	0.932115	-20.507812	480.859375
6754.187709	0.931428	10.245710	0.006631
6755.217742	0.356424	-122.265625	-4.003906
6755.219743	0.655854	-122.265625	-4.003906
6755.221741	0.902893	-122.265625	-4.003906
6755.223742	0.931542	-122.265625	-4.003906
6755.227742	0.927208	10.199289	-0.015186
6756.271754	0.325572	-19.238281	471.093750
6756.273756	0.626177	-19.238281	471.093750
6756.275756	0.888510	-19.238281	471.093750
6756.277755	0.932426	-19.238281	471.093750
6756.279755	0.929661	10.226275	0.009881
6757.307809	0.521551	-125.000000	-3.125000
6757.309809	0.814238	-125.000000	-3.125000
6757.311810	0.934057	-125.000000	-3.125000
6757.313810	0.931174	10.242909	-0.015629
6758.363867	0.721501	-17.285156	476.464844
6758.365868	0.924517	-17.285156	476.464844
6758.367869	0.930823	-17.285156	476.464844
6758.369869	0.928554	10.214099	0.013958
6759.398470	0.547890	-123.828125	-0.292969
6759.400471	0.836984	-123.828125	-0.292969
6759.402475	0.937143	-123.828125	-0.292969
6759.404477	0.934161	10.275771	0.076479
6760.452489	0.746256	-17.871094	480.761719
6760.454489	0.929854	-17.871094	480.761719
6760.456489	0.931585	-17.871094	480.761719
6760.458491	0.929463	10.224095	0.003421
6761.489440	0.542085	-126.074219	1.074219
6761.491441	0.831714	-126.074219	1.074219
6761.493443	0.836960	-126.074219	1.074219
6761.495442	0.930863	10.239498	-0.019549
6762.539487	0.532519	-12.207031	474.511719
6762.541490	0.823769	-12.207031	474.511719
6762.543490	0.933959	-12.207031	474.511719
6762.545490	0.930861	10.239471	0.001023
6763.582021	0.547503	-135.351562	1.953125
6763.584021	0.836197	-135.351562	1.953125
6763.586021	0.934165	-135.351562	1.953125
6763.588023	0.930992	10.240916	-0.013903
6764.627001	0.544043	-5.664062	454.101562
6764.629001	0.833338	-5.664062	454.101562
6764.631000	0.934438	-5.664062	454.101562
6764.633001	0.931327	10.244594	0.085935
6765.677048	0.830187	-136.816406	2.246094
6765.679049	0.933684	-136.816406	2.246094
6765.681049	0.930635	10.236980	0.043112
6766.713044	0.489432	-7.519531	471.875000
6766.715046	0.784782	-7.519531	471.875000
6766.717044	0.932961	-7.519531	471.875000
6766.721044	0.929075	10.219824	-0.001337
6767.769981	0.872736	-140.625000	1.367187
6767.771984	0.932248	-140.625000	1.367187
6767.773983	0.929421	10.223635	0.380341
6768.798015	0.272070	-4.394531	461.035156
6768.800017	0.575002	-4.394531	461.035156
6768.802019	0.856626	-4.394531	461.035156
6768.804025	0.932780	-4.394531	461.035156
6768.806027	0.929707	10.226771	-0.006131
6769.860108	0.381849	-139.355469	-0.683594
6769.862111	0.680303	-139.355469	-0.683594
6769.864111	0.912852	-139.355469	-0.683594
6769.866110	0.915209	-139.355469	-0.683594
6769.868111	0.929184	10.221029	0.010418
6770.886616	0.295317	-2.539062	461.425781
6770.888616	0.311241	-2.539062	461.425781
6770.890617	0.871480	-2.539062	461.425781
6770.892617	0.932516	-2.539062	461.425781
6770.894618	0.929577	10.225345	-0.009440
6771.956647	0.912949	-140.332031	-1.269531
6771.962647	0.927041	-140.332031	-1.269531
6771.964648	0.925596	10.181556	0.005552
6772.979157	0.826228	0.683594	445.507812
6772.981157	0.933254	0.683594	445.507812
6772.983159	0.930252	10.232772	0.021657
6774.045213	0.463830	-136.328125	-2.734375
6774.047214	0.760170	-136.328125	-2.734375
6774.049215	0.931580	-136.328125	-2.734375
6774.051215	0.931600	10.247598	0.016255
6775.067279	0.783775	-1.074219	452.636719
6775.069281	0.932699	-1.074219	452.636719
6775.071282	0.930912	10.240029	-0.014280
6776.135282	0.606330	-134.570312	-2.832031
6776.137284	0.839993	-134.570312	-2.832031
6776.139283	0.932742	-134.570312	-2.832031
6776.141283	0.929707	10.226771	0.012431
6777.153325	0.350217	-4.199219	473.730469
6777.157324	0.900102	-4.199219	473.730469
6777.159327	0.931673	-4.199219	473.730469
6777.161327	0.929071	10.219779	-0.022354
6778.224286	0.406298	-136.914062	-3.710937
6778.226287	0.704083	-136.914062	-3.710937
6778.228286	0.920078	-136.914062	-3.710937
6778.230288	0.930903	-136.914062	-3.710937
6778.232286	0.928587	10.214454	0.010937
6779.244299	0.498994	-2.539062	463.671875
6779.246302	0.793807	-2.539062	463.671875
6779.248301	0.932592	-2.539062	463.671875
6779.250302	0.930250	10.232754	-0.013155
6780.316356	0.716977	-138.183594	-4.687500
6780.318357	0.923804	-138.183594	-4.687500
6780.320358	0.931308	-138.183594	-4.687500
6780.322356	0.928987	10.218857	0.016609
6781.336387	0.807588	-2.636719	466.699219
6781.338388	0.932645	-2.636719	466.699219
6781.340388	0.929957	10.229528	-0.013704
6782.404921	0.507761	-136.816406	-4.296875
6782.406925	0.802034	-136.816406	-4.296875
6782.408925	0.934567	-136.816406	-4.296875
6782.410923	0.932015	10.252162	0.018380
6783.424967	0.374639	-0.976562	451.269531
6783.426966	0.673389	-0.976562	451.269531
6783.428966	0.910561	-0.976562	451.269531
6783.430965	0.932056	-0.976562	451.269531
6783.432966	0.929672	10.226391	-0.018438
6784.494992	0.746144	-135.937500	-3.710937
6784.496993	0.929856	-135.937500	-3.710937
6784.498993	0.931669	-135.937500	-3.710937
6784.500993	0.929466	10.224131	0.012531
6785.517087	0.538201	-2.636719	461.132812
6785.519088	0.828467	-2.636719	461.132812
6785.521090	0.934011	-2.636719	461.132812
6785.523088	0.930973	10.240703	0.039899
6786.581658	0.327150	-137.695312	-2.050781
6786.583661	0.627661	-137.695312	-2.050781
6786.585659	0.889157	-137.695312	-2.050781
6786.587662	0.893079	-137.695312	-2.050781
6786.591660	0.927650	10.204155	0.020990
6787.607695	0.480366	-4.101562	469.238281
6787.609698	0.776141	-4.101562	469.238281
6787.611699	0.932755	-4.101562	469.238281
6787.613697	0.931444	10.245878	-0.010943
6788.671712	0.568733	-140.820312	-1.855469
6788.673714	0.852091	-140.820312	-1.855469
6788.675715	0.932425	-140.820312	-1.855469
6788.677715	0.929367	10.223041	0.222463
6789.700649	0.542529	-0.390625	448.828125
6789.702651	0.832636	-0.390625	448.828125
6789.704652	0.937193	-0.390625	448.828125
6789.706652	0.934155	10.275709	0.058148
6790.756685	0.355143	-135.546875	-0.488281
6790.758686	0.654550	-135.546875	-0.488281
6790.762684	0.931738	-135.546875	-0.488281
6790.764684	0.929215	-135.546875	-0.488281
6790.766686	0.927463	10.202090	0.007058
6791.796740	0.931505	-0.683594	445.800781
6791.800741	0.928538	-0.683594	445.800781
6791.802742	0.926969	10.196657	0.009296
6792.844781	0.533441	-138.867187	-0.390625
6792.846784	0.824608	-138.867187	-0.390625
6792.848785	0.934454	-138.867187	-0.390625
6792.850784	0.931394	10.245329	0.004214
6793.884801	0.323369	-5.664062	456.347656
6793.886803	0.623974	-5.664062	456.347656
6793.888801	0.886990	-5.664062	456.347656
6793.890803	0.931713	-5.664062	456.347656
6793.892803	0.929001	10.219008	0.004442
6794.930906	0.337386	-133.007812	-0.585937
6794.932908	0.637477	-133.007812	-0.585937
6794.934909	0.894008	-133.007812	-0.585937
6794.936908	0.931555	-133.007812	-0.585937
6794.938909	0.928883	10.217714	-0.000076
6795.978960	0.566420	-11.132812	466.015625
6795.980962	0.850703	-11.132812	466.015625
6795.982963	0.934164	-11.132812	466.015625
6795.984962	0.931031	10.241342	0.198108
6797.018968	0.510779	-136.425781	-3.222656
6797.022968	0.933263	-136.425781	-3.222656
6797.024972	0.930643	-136.425781	-3.222656
6797.026970	0.928645	10.215092	-0.017806
6798.068982	0.342252	-10.351562	456.054687
6798.070983	0.642156	-10.351562	456.054687
6798.072985	0.896408	-10.351562	456.054687
6798.074985	0.931593	-10.351562	456.054687
6798.076985	0.928989	10.218876	0.017332
6799.106996	0.372031	-131.250000	-5.566406
6799.109000	0.670744	-131.250000	-5.566406
6799.111002	0.909329	-131.250000	-5.566406
6799.113000	0.931735	-131.250000	-5.566406
6799.114999	0.929316	10.222473	-0.007214
6800.161000	0.416007	-12.597656	454.199219
6800.166998	0.931974	-12.597656	454.199219
6800.169000	0.929719	-12.597656	454.199219
6800.171000	0.928104	10.209145	0.016229
6801.197010	0.453236	-126.855469	-6.347656
6801.199022	0.749731	-126.855469	-6.347656
6801.201019	0.929368	-126.855469	-6.347656
6801.203021	0.930434	-126.855469	-6.347656
6801.205019	0.928120	10.209322	-0.007361
6802.251045	0.348768	-14.062500	458.203125
6802.253046	0.648372	-14.062500	458.203125
6802.255045	0.899605	-14.062500	458.203125
6802.257045	0.931867	-14.062500	458.203125
6802.259045	0.929280	10.222075	0.008969
6803.287061	0.462935	-124.414062	-8.105469
6803.289061	0.759198	-124.414062	-8.105469
6803.291062	0.930495	-124.414062	-8.105469
6803.293064	0.930556	10.236121	-0.013711
6804.341127	0.441092	-17.773437	468.457031
6804.343128	0.737878	-17.773437	468.457031
6804.345129	0.928153	-17.773437	468.457031
6804.349128	0.929074	-17.773437	468.457031
6804.351128	0.927502	10.202524	0.020068
6805.377154	0.478672	-126.953125	-9.863281
6805.379154	0.774490	-126.953125	-9.863281
6805.381153	0.931499	-126.953125	-9.863281
6805.383153	0.930261	10.232869	-0.008164
6806.431186	0.528691	-18.750000	469.921875
6806.433187	0.820461	-18.750000	469.921875
6806.435198	0.934267	-18.750000	469.921875
6806.437201	0.931186	10.243043	0.015715
6807.467262	0.497072	-126.367187	-10.156250
6807.469265	0.792003	-126.367187	-10.156250
6807.471262	0.933085	-126.367187	-10.156250
6807.473262	0.930931	10.240243	-0.006337
6808.521317	0.703638	-20.312500	474.121094
6808.523319	0.919911	-20.312500	474.121094
6808.525319	0.930832	-20.312500	474.121094
6808.527320	0.928525	10.213771	0.013161
6809.557397	0.519234	-132.324219	-11.621094
6809.559399	0.812246	-132.324219	-11.621094
6809.561398	0.934005	-132.324219	-11.621094
6809.563399	0.931141	10.242547	-0.007844
6810.611471	0.728313	-21.289062	477.929687
6810.613473	0.926403	-21.289062	477.929687
6810.615475	0.931383	-21.289062	477.929687
6810.617475	0.929180	10.220976	0.013330
6811.649988	0.914706	-129.589844	-11.132812
6811.651990	0.930996	-129.589844	-11.132812
6811.653991	0.928529	10.213824	-0.002410
6812.698516	0.284659	-18.359375	471.484375
6812.702517	0.864859	-18.359375	471.484375
6812.704518	0.932476	-18.359375	471.484375
6812.706517	0.929477	10.224246	0.014552
6813.736556	0.476060	-129.199219	-10.449219
6813.738555	0.771985	-129.199219	-10.449219
6813.740556	0.932195	-129.199219	-10.449219
6813.742558	0.931083	10.241909	-0.006667
6814.790623	0.531246	-14.941406	459.570312
6814.792624	0.822745	-14.941406	459.570312
6814.794625	0.934524	-14.941406	459.570312
6814.796626	0.931486	10.246348	0.021196
6815.826637	0.489047	-127.343750	-9.863281
6815.828639	0.784472	-127.343750	-9.863281
6815.830640	0.933003	-127.343750	-9.863281
6815.832639	0.931158	10.242733	-0.007104
6816.878715	0.323817	-12.695312	455.957031
6816.880719	0.624475	-12.695312	455.957031
6816.882719	0.887507	-12.695312	455.957031
6816.884718	0.932165	-12.695312	455.957031
6816.886721	0.929433	10.223767	0.018072
6817.914755	0.364366	-127.246094	-7.714844
6817.916755	0.663408	-127.246094	-7.714844
6817.918756	0.906188	-127.246094	-7.714844
6817.920756	0.931608	-127.246094	-7.714844
6817.922758	0.929104	10.220142	-0.009168
6818.972833	0.851220	-12.402344	458.007812
6818.974836	0.933447	-12.402344	458.007812
6818.976836	0.930384	10.234225	0.219699
6820.004879	0.306131	-127.539062	-6.347656
6820.006882	0.607534	-127.539062	-6.347656
6820.008881	0.877506	-127.539062	-6.347656
6820.010882	0.931809	-127.539062	-6.347656
6820.012881	0.928973	10.218707	-0.008858
6821.058963	0.444254	-11.914062	459.472656
6821.060966	0.741022	-11.914062	459.472656
6821.062966	0.928257	-11.914062	459.472656
6821.064965	0.930765	-11.914062	459.472656
6821.066964	0.928576	10.214338	0.019071
6822.099521	0.774339	-133.691406	-5.078125
6822.101523	0.932714	-133.691406	-5.078125
6822.103522	0.931456	10.246020	-0.009702
6823.146068	0.317919	-6.933594	451.269531
6823.148070	0.618796	-6.933594	451.269531
6823.150069	0.884444	-6.933594	451.269531
6823.152068	0.932712	-6.933594	451.269531
6823.154073	0.929909	10.228996	0.020851
6824.190105	0.636218	-136.621094	-3.613281
6824.192106	0.893573	-136.621094	-3.613281
6824.194107	0.931898	-136.621094	-3.613281
6824.196106	0.929228	10.221507	-0.004967
6825.234640	0.567496	-2.343750	439.453125
6825.236642	0.851266	-2.343750	439.453125
6825.238640	0.932840	-2.343750	439.453125
6825.240641	0.929807	10.227880	0.215924
6826.284683	0.782927	-131.640625	-2.246094
6826.286685	0.932334	-131.640625	-2.246094
6826.292684	0.927055	10.197606	-0.001993
6827.322761	0.671465	-1.562500	449.414062
6827.324762	0.909246	-1.562500	449.414062
6827.326762	0.931348	-1.562500	449.414062
6827.328763	0.928824	10.217068	0.013358
6828.375321	0.502361	-137.207031	-2.832031
6828.377322	0.796869	-137.207031	-2.832031
6828.379321	0.933180	-137.207031	-2.832031
6828.381322	0.930834	10.239180	0.011598
6829.409371	0.549033	2.832031	440.625000
6829.411373	0.837348	2.832031	440.625000
6829.413374	0.933571	2.832031	440.625000
6829.415374	0.930510	10.235607	0.115003
6830.467451	0.361596	-137.304687	-3.906250
6830.469453	0.660727	-137.304687	-3.906250
6830.471453	0.905234	-137.304687	-3.906250
6830.473452	0.931852	-137.304687	-3.906250
6830.475453	0.929286	10.222145	0.021751
6831.495511	1.242964	-1.367187	458.593750
6831.497511	0.729953	-1.367187	458.593750
6831.499512	0.926135	-1.367187	458.593750
6831.501510	0.930561	-1.367187	458.593750
6831.503511	0.928229	10.210518	-0.004786
6832.559537	0.446697	-136.132812	-4.980469
6832.561538	0.743399	-136.132812	-4.980469
6832.563542	0.930230	-136.132812	-4.980469
6832.565540	0.932597	-136.132812	-4.980469
6832.567542	0.930308	10.233383	0.011923
6833.585577	0.369283	2.343750	452.539062
6833.587579	0.668119	2.343750	452.539062
6833.589579	0.907912	2.343750	452.539062
6833.591578	0.931282	2.343750	452.539062
6833.593580	0.928842	10.217262	-0.009706
6834.650514	0.441546	-137.890625	-6.347656
6834.652512	0.738330	-137.890625	-6.347656
6834.654513	0.928412	-137.890625	-6.347656
6834.656513	0.931502	-137.890625	-6.347656
6834.658513	0.931404	10.245444	0.019419
6835.674538	0.369575	2.539062	452.929687
6835.676539	0.668456	2.539062	452.929687
6835.678540	0.908301	2.539062	452.929687
6835.680539	0.910873	2.539062	452.929687
6835.682539	0.929145	10.220594	-0.008056
6836.743446	0.501927	-136.523437	-7.324219
6836.745448	0.796558	-136.523437	-7.324219
6836.747449	0.933976	-136.523437	-7.324219
6836.749449	0.931643	10.248076	0.023616
6837.763507	0.447451	4.394531	446.289062
6837.765507	0.744029	4.394531	446.289062
6837.767512	0.929359	4.394531	446.289062
6837.769512	0.931344	4.394531	446.289062
6837.771512	0.929132	10.220453	-0.002003
6838.833559	0.672194	-139.941406	-9.375000
6838.835560	0.909575	-139.941406	-9.375000
6838.837561	0.931290	-139.941406	-9.375000
6838.839560	0.928854	10.217395	0.027108
6839.851589	0.233158	4.589844	443.261719
6839.853589	0.538925	4.589844	443.261719
6839.855590	0.829237	4.589844	443.261719
6839.857590	0.935050	4.589844	443.261719
6839.859590	0.931961	10.251569	-0.000898
6840.921651	0.390157	-144.238281	-10.449219
6840.925651	0.915975	-144.238281	-10.449219
6840.927653	0.931916	-144.238281	-10.449219
6840.929658	0.929533	10.224866	0.021351
6841.942621	0.396444	0.976562	451.367187
6841.944622	0.694392	0.976562	451.367187
6841.946621	0.917389	0.976562	451.367187
6841.948622	0.931158	0.976562	451.367187
6841.950622	0.928770	10.216474	-0.001051
6843.011167	0.473669	-141.308594	-9.667969
6843.013169	0.769677	-141.308594	-9.667969
6843.015170	0.931634	-141.308594	-9.667969
6843.017168	0.930742	10.238159	0.031075
6844.033242	0.492041	3.515625	445.703125
6844.035244	0.787376	3.515625	445.703125
6844.037246	0.933993	3.515625	445.703125
6844.039243	0.931969	10.251657	0.001728
6845.101297	0.495488	-137.695312	-7.812500
6845.103299	0.790534	-137.695312	-7.812500
6845.105298	0.932481	-137.695312	-7.812500
6845.107297	0.930419	10.234606	0.024615
6846.125371	0.659989	1.074219	458.496094
6846.127373	0.904476	1.074219	458.496094
6846.131371	0.928776	1.074219	458.496094
6846.133374	0.926941	10.196347	-0.006276
6847.191372	0.660976	-137.207031	-7.421875
6847.193374	0.904893	-137.207031	-7.421875
6847.195375	0.931332	-137.207031	-7.421875
6847.197375	0.928919	10.218113	0.020727
6848.215400	0.514130	4.394531	441.406250
6848.217401	0.807689	4.394531	441.406250
6848.219401	0.933799	4.394531	441.406250
6848.221401	0.931090	10.241988	0.008448
6849.279412	0.600793	-142.675781	-6.835937
6849.281414	0.873575	-142.675781	-6.835937
6849.283414	0.932342	-142.675781	-6.835937
6849.285414	0.929380	10.223183	0.395561
6850.306367	0.353513	6.250000	431.542969
6850.308369	0.652928	6.250000	431.542969
6850.310367	0.901686	6.250000	431.542969
6850.312369	0.931851	6.250000	431.542969
6850.314369	0.929215	10.221366	0.001782
6851.366373	0.456191	-140.332031	-6.347656
6851.368375	0.473961	-140.332031	-6.347656
6851.370378	0.929756	-140.332031	-6.347656
6851.374376	0.928330	-140.332031	-6.347656
6851.376377	0.926624	10.192864	0.023732
6852.398924	0.356458	3.808594	432.714844
6852.400926	0.655742	3.808594	432.714844
6852.402924	0.902588	3.808594	432.714844
6852.404925	0.931381	3.808594	432.714844
6852.406926	0.928818	10.216996	0.011689
6853.454997	0.558100	-140.332031	-5.957031
6853.456998	0.568536	-140.332031	-5.957031
6853.458997	0.933578	-140.332031	-5.957031
6853.460998	0.930474	10.235218	0.155122
6854.493955	0.727306	-0.292969	442.382812
6854.495956	0.925737	-0.292969	442.382812
6854.497958	0.930826	-0.292969	442.382812
6854.499957	0.928541	10.213947	0.020125
6855.540564	0.585367	-133.886719	-4.589844
6855.542566	0.863616	-133.886719	-4.589844
6855.544566	0.932198	-133.886719	-4.589844
6855.546567	0.929255	10.221809	0.301949
6856.584593	0.365484	-4.101562	448.437500
6856.586595	0.664508	-4.101562	448.437500
6856.588595	0.906685	-4.101562	448.437500
6856.590595	0.931659	-4.101562	448.437500
6856.592595	0.929112	10.220232	0.018367
6857.626674	0.465447	-139.941406	-6.835937
6857.628677	0.761686	-139.941406	-6.835937
6857.630676	0.930287	-139.941406	-6.835937
6857.632677	0.930032	10.230352	0.000769
6858.676682	0.373077	-6.054687	448.828125
6858.678681	0.671826	-6.054687	448.828125
6858.680681	0.909407	-6.054687	448.828125
6858.686679	0.926828	-6.054687	448.828125
6858.688683	0.925542	10.180963	0.018444
6859.720714	0.933579	-128.808594	-7.031250
6859.722715	0.930463	-128.808594	-7.031250
6859.724714	0.928575	10.214320	0.095109
6860.770752	0.751187	-3.710937	433.691406
6860.772750	0.930214	-3.710937	433.691406
6860.774750	0.931237	10.243610	0.018500
6861.804752	0.564551	-129.589844	-9.667969
6861.806755	0.849168	-129.589844	-9.667969
6861.810752	0.930384	-129.589844	-9.667969
6861.812754	0.928568	10.214250	0.186038
6862.858789	0.539652	-10.449219	449.609375
6862.860792	0.829679	-10.449219	449.609375
6862.864789	0.930759	-10.449219	449.609375
6862.866793	0.928885	10.217732	0.082278
6863.892844	0.277549	-129.687500	-11.230469
6863.894843	0.580221	-129.687500	-11.230469
6863.896843	0.860076	-129.687500	-11.230469
6863.898844	0.932415	-129.687500	-11.230469
6863.900845	0.929379	10.223165	0.004860
6864.948907	0.408572	-10.937500	446.386719
6864.950910	0.706249	-10.937500	446.386719
6864.952909	0.921067	-10.937500	446.386719
6864.954910	0.931358	-10.937500	446.386719
6864.956911	0.928977	10.218742	0.027887
6865.982975	0.381300	-127.734375	-13.574219
6865.984977	0.679673	-127.734375	-13.574219
6865.986978	0.912267	-127.734375	-13.574219
6865.988977	0.931162	-127.734375	-13.574219
6865.990976	0.928790	10.216686	0.000252
6867.039027	0.504646	-10.449219	446.484375
6867.041028	0.798936	-10.449219	446.484375
6867.043028	0.932460	-10.449219	446.484375
6867.045027	0.930058	10.230636	0.024259
6868.077057	0.831340	-130.859375	-13.671875
6868.079059	0.933479	-130.859375	-13.671875
6868.081060	0.930411	10.234517	0.069463
6869.127581	0.444842	-12.109375	452.539062
6869.129580	0.741540	-12.109375	452.539062
6869.131579	0.927837	-12.109375	452.539062
6869.133579	0.930235	-12.109375	452.539062
6869.135581	0.927924	10.207169	0.026461
6870.165613	0.703649	-130.859375	-14.746094
6870.167615	0.920030	-130.859375	-14.746094
6870.169614	0.931126	-130.859375	-14.746094
6870.171615	0.928679	10.215464	0.001578
6871.218153	1.630500	-12.304687	450.195312
6871.220155	0.822447	-12.304687	450.195312
6871.222156	0.934149	-12.304687	450.195312
6871.224153	0.931097	10.242068	0.035963
6872.254191	0.569487	-130.078125	-15.234375
6872.256195	0.852552	-130.078125	-15.234375
6872.258193	0.932603	-130.078125	-15.234375
6872.260193	0.929586	10.225442	0.004136
6873.308269	0.714842	-11.328125	446.093750
6873.310271	0.888578	-11.328125	446.093750
6873.312273	0.931316	-11.328125	446.093750
6873.314273	0.928555	10.214108	0.029059
6874.344302	0.436154	-126.660156	-13.671875
6874.346304	0.733029	-126.660156	-13.671875
6874.348303	0.926602	-126.660156	-13.671875
6874.350303	0.930483	-126.660156	-13.671875
6874.352302	0.928289	10.211183	0.000261
6875.398334	0.564589	-10.156250	445.019531
6875.402334	0.933827	-10.156250	445.019531
6875.404335	0.930652	-10.156250	445.019531
6875.406335	0.928804	10.216846	0.209985
6876.432360	0.379096	-132.226562	-14.453125
6876.434361	0.677475	-132.226562	-14.453125
6876.436364	0.911213	-132.226562	-14.453125
6876.438364	0.930701	-132.226562	-14.453125
6876.440362	0.928273	10.211006	0.003783
6877.488420	0.577573	-8.105469	444.238281
6877.490421	0.858163	-8.105469	444.238281
6877.492420	0.932004	-8.105469	444.238281
6877.494421	0.929064	10.219708	0.031672
6878.522449	0.315929	-130.566406	-12.988281
6878.524453	0.616835	-130.566406	-12.988281
6878.526452	0.883138	-130.566406	-12.988281
6878.528451	0.932109	-130.566406	-12.988281
6878.530456	0.929317	10.222491	0.005395
6879.576515	0.450688	-5.957031	438.085937
6879.578546	0.747207	-5.957031	438.085937
6879.580544	0.929428	-5.957031	438.085937
6879.582545	0.930555	-5.957031	438.085937
6879.584545	0.928252	10.210767	0.032645
6880.616601	0.785620	-136.035156	-11.523437
6880.618603	0.932904	-136.035156	-11.523437
6880.620604	0.930970	10.240667	-0.001646
6881.667574	0.761376	-5.566406	441.113281
6881.669575	0.930475	-5.566406	441.113281
6881.671573	0.930330	10.233631	0.033793
6882.708126	0.850278	-130.078125	-9.082031
6882.712126	0.930555	-130.078125	-9.082031
6882.714129	0.928748	10.216226	0.198806
6883.756173	0.709259	1.855469	426.171875
6883.758173	0.922064	1.855469	426.171875
6883.760173	0.931595	1.855469	426.171875
6883.762171	0.929276	10.222031	0.024909
6884.796195	0.348853	-139.160156	-9.277344
6884.798195	0.648475	-139.160156	-9.277344
6884.800195	0.899523	-139.160156	-9.277344
6884.802194	0.931725	-139.160156	-9.277344
6884.804195	0.929143	10.220577	0.010710
6885.843131	0.715846	3.320312	423.339844
6885.845133	0.923318	3.320312	423.339844
6885.847132	0.931048	3.320312	423.339844
6885.849133	0.928798	10.216775	0.023822
6886.889159	0.413627	-142.382812	-8.886719
6886.891161	0.711140	-142.382812	-8.886719
6886.893167	0.922529	-142.382812	-8.886719
6886.895167	0.925511	-142.382812	-8.886719
6886.899173	0.927499	10.202489	0.016137
6887.932159	0.860817	8.105469	418.359375
6887.934161	0.932772	8.105469	418.359375
6887.936163	0.929735	10.227081	0.289324
6888.980203	0.260699	-137.402344	-7.910156
6888.982204	0.564197	-137.402344	-7.910156
6888.984204	0.848766	-137.402344	-7.910156
6888.986207	0.932898	-137.402344	-7.910156
6888.988204	0.929864	10.228500	0.019695
6890.016225	0.531628	4.492187	431.347656
6890.018227	0.822888	4.492187	431.347656
6890.020226	0.933477	4.492187	431.347656
6890.022229	0.930577	10.236342	0.031591
6891.076251	0.635826	-145.507812	-10.156250
6891.078254	0.893054	-145.507812	-10.156250
6891.080253	0.931293	-145.507812	-10.156250
6891.084251	0.926885	10.195736	0.592971
6892.104276	0.471475	8.300781	427.636719
6892.106285	0.767596	8.300781	427.636719
6892.108291	0.932319	8.300781	427.636719
6892.110291	0.931594	10.247536	0.016085
6893.166341	0.422021	-145.117187	-10.937500
6893.168341	0.719260	-145.117187	-10.937500
6893.170342	0.924448	-145.117187	-10.937500
6893.172342	0.931464	-145.117187	-10.937500
6893.174341	0.929172	10.220887	0.035974
6894.194929	0.858752	12.109375	421.289062
6894.196931	0.932170	12.109375	421.289062
6894.198930	0.929156	10.220718	0.264874
6895.259009	0.517488	-144.726562	-11.621094
6895.261011	0.810645	-144.726562	-11.621094
6895.263012	0.933540	-144.726562	-11.621094
6895.265016	0.930761	10.238372	0.039934
6896.281587	0.534544	10.644531	426.660156
6896.283590	0.825305	10.644531	426.660156
6896.285590	0.933436	10.644531	426.660156
6896.287589	0.930427	10.234694	0.019311
6897.349613	0.457617	-143.554687	-13.281250
6897.351618	0.753961	-143.554687	-13.281250
6897.353621	0.929875	-143.554687	-13.281250
6897.355624	0.930344	10.233782	0.043149
6898.371657	0.622849	11.425781	422.753906
6898.373659	0.886701	11.425781	422.753906
6898.375659	0.932631	11.425781	422.753906
6898.377660	0.929857	10.228429	0.502144
6899.441692	0.834201	-140.527344	-13.085937
6899.443692	0.933371	-140.527344	-13.085937
6899.445693	0.930323	10.233551	0.122339
6900.459761	0.418650	5.957031	438.085937
6900.461763	0.715990	5.957031	438.085937
6900.463764	0.924092	5.957031	438.085937
6900.465763	0.931983	5.957031	438.085937
6900.467764	0.929638	10.226018	0.008612
6901.528307	0.418522	-144.335937	-14.453125
6901.530308	0.715834	-144.335937	-14.453125
6901.532309	0.922945	-144.335937	-14.453125
6901.534308	0.930541	-144.335937	-14.453125
6901.538307	0.926502	10.191517	0.042817
6902.548342	0.278697	9.472656	431.054687
6902.550344	0.581403	9.472656	431.054687
6902.552344	0.861105	9.472656	431.054687
6902.554344	0.932814	9.472656	431.054687
6902.556345	0.929823	10.228047	0.013247
6903.620348	0.497390	-142.578125	-13.671875
6903.622351	0.792334	-142.578125	-13.671875
6903.624351	0.932932	-142.578125	-13.671875
6903.626353	0.930789	10.238674	0.041725
6904.640401	0.365119	8.203125	433.984375
6904.642403	0.664102	8.203125	433.984375
6904.644404	0.905952	8.203125	433.984375
6904.646401	0.930902	8.203125	433.984375
6904.648402	0.928379	10.212167	0.009465
6905.710452	0.741365	-146.191406	-14.062500
6905.712455	0.928035	-146.191406	-14.062500
6905.714456	0.930443	-146.191406	-14.062500
6905.716456	0.928189	10.210084	0.048430
6906.728993	0.463607	4.296875	443.164062
6906.730995	0.759823	4.296875	443.164062
6906.732997	0.931066	4.296875	443.164062
6906.734997	0.931091	10.242005	0.008057
6907.799002	0.606002	-146.484375	-14.062500
6907.801006	0.876687	-146.484375	-14.062500
6907.803005	0.931987	-146.484375	-14.062500
6907.805003	0.929150	10.220648	0.442205
6908.821989	0.455088	8.593750	428.808594
6908.823990	0.751479	8.593750	428.808594
6908.825991	0.930125	8.593750	428.808594
6908.827989	0.931148	8.593750	428.808594
6908.829991	0.928943	10.218370	0.017803
6909.886044	0.396887	-146.191406	-12.500000
6909.888044	0.694840	-146.191406	-12.500000
6909.890046	0.917391	-146.191406	-12.500000
6909.892045	0.931042	-146.191406	-12.500000
6909.894046	0.928695	10.215641	0.034752
6910.912584	0.313476	10.839844	419.238281
6910.914583	0.614582	10.839844	419.238281
6910.916586	0.882019	10.839844	419.238281
6910.920585	0.929859	10.839844	419.238281
6910.922585	0.927943	10.207373	0.015435
6911.976675	0.794781	-143.457031	-11.718750
6911.978677	0.932375	-143.457031	-11.718750
6911.980675	0.930118	10.231300	0.032679
6913.006728	0.632710	4.394531	432.617187
6913.008729	0.891462	4.394531	432.617187
6913.010732	0.931424	4.394531	432.617187
6913.012729	0.928807	10.216872	0.015119
6914.063678	0.583400	-143.652344	-10.546875
6914.065678	0.862244	-143.652344	-10.546875
6914.067680	0.932231	-143.652344	-10.546875
6914.069679	0.929308	10.222384	0.033269
