time (s)	coil I (A)	last det (V)	int current (uC)
3574.878774	0.349957	-108.496094	505.371094
3574.880775	0.349123	3.840356	1.175798
3575.948793	0.351406	-338.476562	4.882812
3575.950795	0.350210	3.852311	1.229431
3576.966812	0.350883	-107.226562	497.949219
3576.968812	0.349706	3.846763	1.186960
3578.036836	0.331653	-348.242187	2.050781
3578.038836	0.350218	-348.242187	2.050781
3578.040836	0.349209	3.841295	1.258907
3579.057765	0.348084	-122.753906	405.664062
3579.059766	0.349990	3.849891	1.112879
3580.126697	0.351254	-317.871094	-1.074219
3580.128699	0.349999	3.849989	1.313576
3581.148744	0.291550	-126.367187	382.421875
3581.150747	0.351274	-126.367187	382.421875
3581.152746	0.350084	3.850919	1.099594
3582.216764	0.351092	-333.886719	-2.734375
3582.218766	0.350023	3.850255	1.321834
3583.241276	0.289838	-113.378906	469.140625
3583.243279	0.350623	-113.378906	469.140625
3583.245277	0.349421	3.843626	1.028234
3584.305317	0.350727	-313.378906	-4.394531
3584.307319	0.349545	3.845000	1.424512
3585.331346	0.297822	-125.488281	404.492187
3585.333349	0.350853	-125.488281	404.492187
3585.335349	0.349727	3.847002	1.083455
3586.394349	0.346071	-324.316406	-4.882812
3586.396351	0.350014	-324.316406	-4.882812
3586.398350	0.348990	3.838893	1.316797
3587.424366	0.350704	-127.246094	394.335937
3587.426369	0.349497	3.844468	1.018034
3588.484399	0.347858	-324.023437	-5.273437
3588.486400	0.350570	3.856272	1.347862
3589.512424	0.337898	-114.257812	486.718750
3589.514426	0.350277	-114.257812	486.718750
3589.518423	0.348622	3.834843	1.016807
3590.576460	0.349533	-307.128906	-4.980469
3590.578463	0.348709	3.835800	1.377174
3591.604515	0.352388	-128.027344	403.613281
3591.606516	0.351345	3.864798	1.012654
3592.662510	2.856534	-324.804687	-6.054687
3592.664512	0.351004	-324.804687	-6.054687
3592.666511	0.349777	3.847543	1.423877
3593.694554	0.350536	-130.664062	389.746094
3593.696557	0.349562	3.845186	1.064260
3594.754596	0.350242	-333.691406	-5.664062
3594.756598	0.350329	3.853622	1.360166
3595.783139	0.351208	-122.363281	437.402344
3595.785141	0.350155	3.851708	1.082718
3596.845668	0.348337	-342.968750	-4.687500
3596.847669	0.350136	3.851496	1.355491
3597.871698	0.350686	-117.285156	466.601562
3597.873698	0.349607	3.845673	1.118301
3598.937713	0.343261	-319.628906	-3.613281
3598.939715	0.350465	-319.628906	-3.613281
3598.941715	0.349474	3.844211	1.359054
3599.959741	0.322169	-114.550781	481.640625
3599.961743	0.351053	-114.550781	481.640625
3599.965742	0.349354	3.842890	1.113813
3601.029797	0.351312	-317.089844	-3.125000
3601.031800	0.351378	3.865161	1.312261
3602.047854	0.267394	-121.875000	448.339844
3602.049854	0.350654	-121.875000	448.339844
3602.051855	0.349412	3.843537	1.178123
3603.120400	0.327370	-338.085937	-0.195312
3603.122402	0.350686	-338.085937	-0.195312
3603.128399	0.348451	3.832956	1.341073
3604.139003	0.349730	-119.238281	476.660156
3604.141004	0.349947	3.849413	1.176273
3605.211054	0.350195	-327.246094	1.367187
3605.213056	0.351253	3.863779	1.292626
3606.229117	0.343632	-126.464844	459.765625
3606.231118	0.350226	-126.464844	459.765625
3606.233118	0.349336	3.842695	1.223718
3607.300085	0.350381	-334.082031	3.613281
3607.302087	0.350632	3.856955	1.293393
3608.322106	0.350378	-112.988281	534.375000
3608.324108	0.350252	3.852772	1.259839
3609.382149	0.349451	-343.847656	7.324219
3609.384151	0.348589	3.834480	1.271958
3610.416692	0.341017	-123.339844	509.765625
3610.418695	0.350289	-123.339844	509.765625
3610.420695	0.349372	3.843094	1.292850
3611.472711	0.262284	-332.812500	7.519531
3611.474713	0.350705	-332.812500	7.519531
3611.478712	0.348696	3.835659	1.197627
3612.508741	0.313409	-131.347656	489.648437
3612.510743	0.350351	-131.347656	489.648437
3612.512742	0.349206	3.841268	1.436170
3613.561253	0.351937	-315.332031	6.640625
3613.563254	0.350971	3.860686	1.166613
3614.603235	0.324701	-123.925781	522.753906
3614.605237	0.350641	-123.925781	522.753906
3614.607238	0.349532	3.844849	1.356060
3615.645292	0.316482	-328.808594	4.492187
3615.647294	0.350433	-328.808594	4.492187
3615.649296	0.349297	3.842270	1.220511
3616.697332	0.351036	-128.125000	509.667969
3616.699331	0.350114	3.851256	1.328136
3617.733392	0.347037	-335.253906	0.000000
3617.735394	0.350171	3.851886	1.301305
3618.791945	0.349152	-141.015625	452.929687
3618.793948	0.349133	3.840462	1.369793
3619.822479	0.350634	-312.207031	-3.515625
3619.824481	0.352089	3.872978	1.301657
3620.878556	0.351591	-138.671875	454.785156
3620.880555	0.350797	3.858763	1.267157
3621.915107	0.352095	-327.148437	-6.250000
3621.917110	0.350871	3.859578	1.382614
3622.971669	0.350129	-124.511719	512.011719
3622.975671	0.349047	3.839514	1.244811
3624.003727	0.343852	-319.335937	-8.691406
3624.005729	0.349856	-319.335937	-8.691406
3624.007728	0.348877	3.837644	1.411005
3625.057738	0.352522	-134.082031	470.800781
3625.059739	0.351191	3.863096	1.260249
3626.093777	0.276920	-333.789062	-9.765625
3626.095776	0.351376	-333.789062	-9.765625
3626.097775	0.350187	3.852054	1.501386
3627.147792	0.350808	-138.476562	450.878906
3627.149792	0.349586	3.845443	1.269279
3628.184356	0.347460	-318.457031	-9.765625
3628.186355	0.350549	3.856042	1.404434
3629.236385	0.319691	-132.324219	479.394531
3629.238387	0.350691	-132.324219	479.394531
3629.240387	0.349664	3.846303	1.261020
3630.274425	0.350810	-330.761719	-9.960937
3630.276426	0.350350	3.853853	1.472762
3631.328962	0.350517	-141.113281	448.535156
3631.332963	0.348691	3.835605	1.274754
3632.363504	0.305698	-308.496094	-9.082031
3632.365506	0.350532	-308.496094	-9.082031
3632.367506	0.349420	3.843617	1.442018
3633.419523	0.350357	-135.742187	475.097656
3633.421525	0.350689	3.857575	1.257752
3634.453526	0.339405	-334.667969	-7.910156
3634.457528	0.349160	-334.667969	-7.910156
3634.459528	0.348471	3.833186	1.384643
3635.509536	0.350541	-143.261719	454.101562
3635.513537	0.349639	3.846028	1.311955
3636.544433	0.351200	-305.273437	-4.101562
3636.546434	0.350016	3.850175	1.407793
3637.598419	0.349307	-130.371094	504.980469
3637.600423	0.349907	3.848979	1.354605
3638.636436	2.426335	-337.011719	-0.976562
3638.638438	0.351475	3.866225	1.315656
3639.686470	0.348828	-132.519531	503.320312
3639.688472	0.351293	3.864222	1.394945
3640.728481	0.349069	-339.257812	3.808594
3640.730483	0.350388	3.854270	1.363544
3641.773431	0.352031	-123.632812	530.371094
3641.777430	0.350151	3.851664	1.432326
3642.821425	0.328721	-328.710937	5.859375
3642.823424	0.350483	-328.710937	5.859375
3642.825427	0.349488	3.844370	1.302817
3643.859471	0.339775	-125.683594	517.285156
3643.861473	0.350366	-125.683594	517.285156
3643.863474	0.349402	3.843422	1.483913
3644.915494	0.310449	-323.339844	5.078125
3644.917497	0.350747	-323.339844	5.078125
3644.921497	0.348826	3.837085	1.322315
3645.947467	0.351560	-128.515625	504.199219
3645.949471	0.350304	3.853348	1.489867
3647.012041	0.350248	-301.660156	1.953125
3647.014044	0.349373	3.843103	1.285419
3648.034038	0.252145	-119.531250	524.707031
3648.036041	0.351220	-119.531250	524.707031
3648.038040	0.349961	3.849572	1.481222
3649.100048	0.327192	-306.152344	-0.097656
3649.102050	0.350794	-306.152344	-0.097656
3649.104051	0.349770	3.847472	1.383408
3650.124464	0.350704	-112.890625	542.578125
3650.126465	0.349568	3.845248	1.417763
3651.192452	0.350719	-305.468750	-2.539062
3651.194454	0.349634	3.845974	1.463739
3652.214438	0.350975	-128.906250	472.851562
3652.216437	0.349963	3.849590	1.371330
3653.283382	0.350239	-298.242187	-4.882812
3653.285384	0.350205	3.852258	1.500934
3654.303369	0.350676	-120.410156	503.515625
3654.305368	0.349501	-120.410156	503.515625
3654.307369	0.348649	3.835136	1.391015
3655.373454	0.351339	-316.308594	-6.835937
3655.375456	0.350435	3.854784	1.480771
3656.394024	0.351421	-126.171875	478.320312
3656.396026	0.350466	3.855129	1.324342
3657.466585	0.350507	-315.136719	-8.886719
3657.468586	0.348801	3.836811	1.514001
3658.483150	0.303399	-121.386719	498.242187
3658.485151	0.350963	-121.386719	498.242187
3658.487151	0.349835	3.848190	1.340855
3659.551194	0.349904	-306.250000	-9.667969
3659.553196	0.350356	3.853915	1.519729
3660.575210	0.345864	-115.917969	523.339844
3660.577215	0.350041	-115.917969	523.339844
3660.579212	0.349133	3.840462	1.374283
3661.643260	0.351409	-293.164062	-10.937500
3661.645261	0.350565	3.856219	1.514348
3662.665315	0.347960	-115.039062	528.320312
3662.669315	0.348989	3.838876	1.378313
3663.733288	0.349878	-302.734375	-10.546875
3663.735290	0.348992	3.838911	1.523322
3664.755305	0.316339	-118.945312	512.304687
3664.757306	0.350205	-118.945312	512.304687
3664.759309	0.349130	3.840426	1.333456
3665.821334	0.344904	-306.347656	-10.742187
3665.823337	0.350767	-306.347656	-10.742187
3665.825336	0.349812	3.847933	1.552216
3666.847393	0.351188	-131.933594	462.890625
3666.849395	0.350278	3.853055	1.332318
3667.912370	0.350542	-321.191406	-10.546875
3667.914371	0.351618	3.867802	1.522039
3668.936394	0.350411	-115.625000	529.687500
3668.938396	0.349419	3.843608	1.373526
3670.002355	0.349343	-311.816406	-9.765625
3670.004356	0.350342	3.853764	1.548992
3671.024392	0.346506	-116.308594	529.101562
3671.026394	0.350156	3.851717	1.382351
3672.096411	0.350111	-295.214844	-7.910156
3672.098412	0.349421	3.843635	1.511071
3673.114424	0.347749	-125.585937	499.707031
3673.116427	0.350345	3.853800	1.440359
3674.182460	0.312293	-308.593750	-6.640625
3674.184462	0.350685	-308.593750	-6.640625
3674.186460	0.349634	3.845974	1.510551
3675.206527	0.350711	-115.625000	538.671875
3675.208528	0.349581	3.845389	1.504336
3676.274512	0.350274	-298.925781	-5.078125
3676.276514	0.349404	3.843440	1.465817
3677.296517	0.343347	-115.527344	542.871094
3677.298520	0.350487	-115.527344	542.871094
3677.300519	0.349580	3.845381	1.562891
3678.360558	0.305507	-305.664062	-1.464844
3678.362560	0.350212	-305.664062	-1.464844
3678.364563	0.349110	3.840214	1.445150
3679.388542	0.332978	-122.558594	525.683594
3679.390543	0.350456	-122.558594	525.683594
3679.394542	0.348769	3.836456	1.546099
3680.448595	0.348173	-304.785156	0.000000
3680.450597	0.350312	3.853428	1.414137
3681.482654	0.334309	-123.242187	526.562500
3681.484657	0.350143	-123.242187	526.562500
3681.486656	0.349210	3.841313	1.523625
3682.538679	0.350276	-331.738281	1.562500
3682.540683	0.349596	3.845558	1.421895
3683.577660	0.350154	-128.027344	517.285156
3683.579663	0.349240	3.841641	1.546226
3684.623729	0.350366	-331.250000	-0.488281
3684.625730	0.349238	3.841614	1.436494
3685.669740	0.350969	-136.523437	497.265625
3685.671743	0.349748	3.847233	1.590306
3686.711780	0.350519	-324.511719	-3.515625
3686.713782	0.349379	3.843165	1.459366
3687.760737	0.348224	-138.574219	490.625000
3687.762740	0.350022	3.850246	1.524918
3688.800782	0.351340	-316.796875	-7.226562
3688.802783	0.350453	3.854978	1.471316
3689.853322	0.351278	-141.894531	480.859375
3689.855325	0.350101	3.851106	1.558123
3690.885893	0.308821	-311.621094	-9.960937
3690.887896	0.350722	-311.621094	-9.960937
3690.889895	0.349590	3.845487	1.537578
3691.943947	0.347637	-145.996094	468.652344
3691.945949	0.350717	3.857885	1.561202
3692.976513	0.318029	-303.320312	-12.988281
3692.978517	0.350275	-303.320312	-12.988281
3692.980517	0.349249	3.841738	1.577804
3694.032525	0.318990	-150.488281	452.929687
3694.034527	0.350555	-150.488281	452.929687
3694.036527	0.349495	3.844441	1.532773
3695.066524	0.348983	-289.062500	-13.769531
3695.068527	0.350118	3.851301	1.612479
3696.124554	0.351965	-134.667969	502.148437
3696.126556	0.350793	3.858718	1.480285
3697.156541	0.345152	-291.601562	-13.964844
3697.158542	0.350807	-291.601562	-13.964844
3697.160541	0.349871	3.848580	1.623407
3698.214595	0.350980	-147.949219	460.058594
3698.216597	0.349732	3.847047	1.551364
3699.245124	0.350888	-302.636719	-13.964844
3699.247128	0.350684	3.857522	1.613609
3700.305196	0.351465	-151.171875	454.882812
3700.307198	0.351367	3.865037	1.512132
3701.336154	0.292306	-291.406250	-13.867187
3701.338155	0.350971	-291.406250	-13.867187
3701.340156	0.349782	3.847605	1.625049
3702.396148	0.350007	-139.355469	489.843750
3702.398149	0.349190	3.841091	1.508814
3703.426165	0.316263	-295.898437	-12.011719
3703.428168	0.319223	-295.898437	-12.011719
3703.430169	0.349144	3.840586	1.591195
3704.484216	0.351367	-138.476562	491.503906
3704.486218	0.350812	3.858931	1.509992
3705.520268	0.350591	-314.257812	-10.351562
3705.522270	0.349701	3.846710	1.518925
3706.572811	0.350397	-129.199219	516.406250
3706.574813	0.349321	3.842527	1.621947
3707.610814	0.352478	-308.105469	-7.617187
3707.612816	0.351138	3.862520	1.491341
3708.660848	0.351145	-135.742187	500.000000
3708.662851	0.350683	3.857513	1.603678
3709.702888	0.350685	-323.046875	-4.199219
3709.704891	0.349789	3.847676	1.531356
3710.747438	0.351308	-134.570312	500.292969
3710.749437	0.351270	3.863974	1.608438
3711.795446	0.326060	-303.515625	-3.125000
3711.797448	0.350753	-303.515625	-3.125000
3711.799449	0.349716	3.846878	1.491867
3712.835498	0.352107	-143.359375	478.417969
3712.837500	0.350807	3.858878	1.599645
3713.889481	0.349702	-304.980469	-4.101562
3713.891481	0.350403	3.854429	1.481276
3714.921522	0.347903	-125.097656	518.261719
3714.923523	0.350460	3.855058	1.620518
3715.981981	0.334276	-298.242187	-5.957031
3715.983984	0.336013	-298.242187	-5.957031
3715.985982	0.349125	3.840373	1.522819
3717.007980	0.234417	-139.843750	480.468750
3717.009983	0.350803	-139.843750	480.468750
3717.011983	0.349781	3.847587	1.624921
3718.072939	0.294793	-298.046875	-8.398437
3718.076941	0.349926	-298.046875	-8.398437
3718.078946	0.349212	3.841331	1.586945
3719.100971	0.349777	-115.820312	537.792969
3719.102973	0.348978	3.838760	1.578771
3720.164966	0.342871	-293.750000	-9.863281
3720.166970	0.350378	-293.750000	-9.863281
3720.168968	0.349439	3.843830	1.588484
3721.189033	0.351432	-136.914062	478.906250
3721.191035	0.350507	3.855572	1.592426
3722.255054	0.337274	-293.359375	-12.304687
3722.259054	0.349467	-293.359375	-12.304687
3722.261058	0.348768	3.836447	1.615250
3723.277076	0.339908	-131.054687	492.773437
3723.279077	0.350251	-131.054687	492.773437
3723.281077	0.349293	3.842226	1.569429
3724.345600	0.351147	-298.535156	-13.574219
3724.347601	0.351365	3.865020	1.614996
3725.367629	0.351071	-122.070312	514.160156
3725.369633	0.350852	3.859374	1.533523
3726.435691	0.350559	-291.015625	-15.527344
3726.437692	0.350076	3.850831	1.623047
3727.457750	0.337424	-132.031250	487.402344
3727.459750	0.350189	-132.031250	487.402344
3727.461751	0.349180	3.840976	1.545671
3728.524273	0.282015	-296.289062	-15.917969
3728.526275	0.350890	-296.289062	-15.917969
3728.528276	0.349632	3.845948	1.625021
3729.548294	0.326966	-119.824219	523.632812
3729.550295	0.350658	-119.824219	523.632812
3729.552295	0.349674	3.846417	1.608976
3730.614364	0.293980	-306.347656	-17.089844
3730.616365	0.351174	-306.347656	-17.089844
3730.618365	0.349991	3.849900	1.624960
3731.639297	0.351750	-125.878906	503.906250
3731.641303	0.350763	3.858390	1.514008
3732.705330	2.588131	-291.210937	-17.089844
3732.707332	0.352068	3.872747	1.624192
3733.729366	0.352181	-136.328125	473.437500
3733.731367	0.350865	3.859516	1.546858
3734.797382	0.351830	-298.925781	-16.503906
3734.799383	0.350900	3.859897	1.624705
3735.817917	0.321743	-116.308594	530.761719
3735.819918	0.350364	-116.308594	530.761719
3735.821918	0.349256	3.841818	1.608345
3736.886839	0.352389	-288.574219	-14.843750
3736.888842	0.351165	3.862813	1.624024
3737.908964	0.351089	-118.750000	525.585937
3737.910964	0.350161	3.851770	1.575815
3738.979052	0.350835	-293.261719	-14.355469
3738.981055	0.350012	3.850131	1.623505
3740.001081	0.352010	-115.429687	530.468750
3740.003083	0.351031	3.861342	1.605046
3741.067095	0.351021	-318.359375	-13.085937
3741.071095	0.349133	3.840462	1.624228
3742.091120	0.350221	-124.609375	511.035156
3742.093122	0.349333	3.842660	1.624021
3743.155183	0.324794	-299.023437	-10.742187
3743.157183	0.350353	-299.023437	-10.742187
3743.159185	0.349262	3.841880	1.619789
3744.181214	0.352209	-129.492187	503.906250
3744.183214	0.351326	3.864585	1.623826
3745.245262	0.351183	-290.625000	-9.082031
3745.247263	0.349989	3.849883	1.613532
3746.273254	0.349802	-123.437500	516.699219
3746.275256	0.350324	3.853560	1.624509
3747.331245	0.300497	-305.761719	-7.617187
3747.333247	0.350814	-305.761719	-7.617187
3747.335248	0.349651	3.846160	1.610628
3748.365260	2.913715	-123.144531	516.015625
3748.367262	0.353409	-123.144531	516.015625
3748.369261	0.352400	3.876399	1.624481
3749.419237	0.304969	-318.066406	-6.640625
3749.421239	0.350226	-318.066406	-6.640625
3749.423239	0.349113	3.840240	1.624190
3750.457253	0.318916	-127.050781	509.863281
3750.459255	0.349991	-127.050781	509.863281
3750.461254	0.348895	3.837848	1.625132
3751.507363	0.349705	-291.894531	-7.226562
3751.509364	0.350946	3.860402	1.587571
3752.551370	0.352484	-149.121094	463.183594
3752.553371	0.351239	3.863628	1.623984
3753.596312	0.350154	-302.832031	-10.253906
3753.598312	0.349070	-302.832031	-10.253906
3753.600312	0.348355	3.831910	1.622989
3754.646354	0.349318	-148.437500	466.210937
3754.648356	0.348592	3.834507	1.624878
3755.683314	0.351415	-313.085937	-12.890625
3755.685315	0.351363	3.864993	1.624137
3756.735344	0.332516	-144.726562	474.023437
3756.737345	0.350502	-144.726562	474.023437
3756.739345	0.349404	3.843440	1.624718
3757.773392	0.350224	-286.230469	-15.234375
3757.775394	0.349404	3.843449	1.622869
3758.829435	0.350465	-131.542969	505.566406
3758.831436	0.349714	3.846852	1.617842
3759.859425	0.305255	-285.058594	-17.089844
3759.861427	0.350012	-285.058594	-17.089844
3759.863426	0.348902	3.837919	1.624850
3760.917510	0.349682	-157.226562	445.117187
3760.919512	0.353371	-157.226562	445.117187
3760.921515	0.353318	3.886493	1.619189
3761.949509	0.313626	-301.953125	-20.312500
3761.951511	0.350769	-301.953125	-20.312500
3761.953509	0.349653	3.846187	1.624875
3763.008072	0.351126	-159.570312	441.406250
3763.010073	0.349834	3.848172	1.624727
3764.041060	0.351188	-277.832031	-20.703125
3764.043063	0.349935	3.849289	1.625161
3765.097076	0.342717	-143.261719	482.031250
3765.099078	0.350101	-143.261719	482.031250
3765.103076	0.348485	3.833337	1.624437
3766.129117	0.304158	-284.765625	-20.800781
3766.131118	0.350316	-284.765625	-20.800781
3766.133119	0.349135	3.840489	1.624974
3767.189196	0.350573	-151.660156	457.617187
3767.191197	0.349616	3.845771	1.624461
3768.219749	0.331958	-309.863281	-18.750000
3768.221753	0.350573	-309.863281	-18.750000
3768.225750	0.348902	3.837927	1.625055
3769.277775	0.351632	-153.906250	453.613281
3769.279776	0.350496	3.855457	1.623748
3770.311797	0.352021	-302.832031	-16.894531
3770.313800	0.350854	3.859392	1.623919
3771.366730	0.350779	-131.738281	496.093750
3771.368731	0.350496	3.855457	1.624707
3772.402708	0.352084	-307.226562	-14.355469
3772.404712	0.351044	3.861483	1.623210
3773.454745	0.334181	-141.699219	475.976562
3773.456746	0.350091	-141.699219	475.976562
3773.458746	0.349074	3.839815	1.625001
3774.496767	0.349830	-299.023437	-11.718750
3774.498772	0.348938	3.838317	1.621483
3775.541322	0.230340	-152.734375	455.273437
3775.543323	0.351212	-152.734375	455.273437
3775.545324	0.350167	3.851832	1.624853
3776.586266	0.286493	-289.550781	-9.667969
3776.588266	0.290274	-289.550781	-9.667969
3776.590266	0.349950	3.849448	1.624978
3777.630289	0.348206	-153.906250	452.343750
3777.632292	0.350358	3.853933	1.625124
3778.682344	0.349482	-304.394531	-8.984375
3778.684346	0.348484	-304.394531	-8.984375
3778.686346	0.348451	3.832956	1.625145
3779.716901	0.340727	-142.480469	474.316406
3779.718902	0.350450	-142.480469	474.316406
3779.720903	0.349507	3.844574	1.625373
3780.773405	0.349962	-312.207031	-8.789062
3780.775405	0.350047	3.850521	1.624657
3781.805433	0.351360	-136.425781	483.105469
3781.807437	0.350071	-136.425781	483.105469
3781.809439	0.349374	3.843112	1.625050
3782.865490	0.313879	-305.566406	-11.621094
3782.867489	0.350415	-305.566406	-11.621094
3782.869490	0.349222	3.841437	1.624700
3783.894434	0.350160	-133.691406	489.453125
3783.896436	0.349138	3.840515	1.625134
3784.958439	0.350738	-283.593750	-13.964844
3784.960441	0.349843	3.848270	1.625295
3785.982487	0.350528	-141.992187	470.605469
3785.984490	0.349376	3.843138	1.624821
3787.049030	0.348549	-297.363281	-15.527344
3787.051031	0.350818	3.858993	1.624596
3788.069580	0.247705	-142.089844	468.359375
3788.071583	0.351023	-142.089844	468.359375
3788.073581	0.349794	3.847738	1.625140
3789.140503	0.351099	-299.511719	-17.285156
3789.142505	0.349918	3.849103	1.625080
3790.159043	0.246609	-132.031250	491.015625
3790.161043	0.351430	-132.031250	491.015625
3790.163044	0.350239	3.852630	1.624777
3791.231065	0.351637	-300.781250	-19.238281
3791.233069	0.350416	3.854571	1.624851
3792.249092	0.308015	-123.242187	508.691406
3792.253094	0.349356	-123.242187	508.691406
3792.255094	0.348583	3.834409	1.624867
3793.319151	0.281538	-284.472656	-19.921875
3793.321153	0.351227	-284.472656	-19.921875
3793.323154	0.350038	3.850414	1.624987
3794.341200	0.349207	-134.667969	483.691406
3794.343202	0.351317	3.864488	1.625088
3795.411748	0.350415	-292.968750	-20.996094
3795.415748	0.348597	3.834569	1.624838
3796.430272	0.303142	-124.804687	504.101562
3796.434272	0.349789	-124.804687	504.101562
3796.436273	0.349005	3.839053	1.624827
3797.500326	0.349329	-282.324219	-21.191406
3797.502327	0.350338	3.853720	1.624912
3798.520366	0.310771	-136.425781	479.394531
3798.522365	0.350534	-136.425781	479.394531
3798.526365	0.348681	3.835490	1.624993
3799.590939	0.350839	-298.144531	-20.507812
3799.592940	0.349586	3.845443	1.625151
3800.611834	0.351875	-122.265625	509.277344
3800.613838	0.351920	3.871117	1.625290
3801.683868	0.350040	-272.949219	-19.921875
3801.685871	0.349376	3.843138	1.625004
3802.701874	0.350853	-143.652344	461.621094
3802.703874	0.350834	3.859170	1.625017
3803.769893	0.309986	-298.046875	-19.238281
3803.771894	0.349882	-298.046875	-19.238281
3803.773895	0.348736	3.836093	1.624854
3804.796863	0.350173	-128.125000	496.875000
3804.798865	0.349578	3.845363	1.624895
3805.860976	0.350514	-295.703125	-17.382812
3805.862978	0.349267	-295.703125	-17.382812
3805.864980	0.348511	3.833620	1.624907
3806.883478	0.350601	-126.074219	499.902344
3806.887479	0.349144	3.840586	1.625256
3807.949564	0.349262	-296.191406	-16.210937
3807.951568	0.353160	-296.191406	-16.210937
3807.953572	0.352086	3.872942	1.625175
3808.972114	0.348342	-147.363281	458.886719
3808.974117	0.350452	3.854970	1.624972
3810.037033	0.340509	-290.039062	-14.648437
3810.039035	0.350125	-290.039062	-14.648437
3810.041035	0.349077	3.839842	1.624748
3811.067075	0.336105	-131.250000	487.011719
3811.069078	0.349901	-131.250000	487.011719
3811.071084	0.348922	3.838140	1.625099
3812.125117	0.346847	-302.246094	-13.183594
3812.127117	0.352376	-302.246094	-13.183594
3812.129118	0.351333	3.864665	1.624465
3813.161665	0.349931	-137.792969	474.414062
3813.163667	0.349068	3.839753	1.624991
3814.213685	0.350370	-308.886719	-12.402344
3814.217685	0.348358	3.831936	1.624863
3815.252688	0.350667	-149.609375	455.664062
3815.254688	0.349849	3.848341	1.624806
3816.299616	0.343094	-286.523437	-13.085937
3816.301618	0.350539	-286.523437	-13.085937
3816.303619	0.349569	3.845257	1.624870
3817.345639	0.350587	-132.128906	482.617187
3817.347644	0.349456	3.844016	1.625411
3818.387598	0.333332	-302.929687	-14.746094
3818.389598	0.349884	-302.929687	-14.746094
3818.393596	0.348201	3.830209	1.624943
3819.436548	0.308990	-147.167969	459.570312
3819.438551	0.351676	-147.167969	459.570312
3819.440551	0.350538	3.855918	1.625133
3820.478570	0.349708	-300.390625	-16.796875
3820.480571	0.348813	3.836944	1.624744
3821.529503	0.351333	-157.031250	441.796875
3821.531507	0.350598	3.856574	1.624829
3822.565462	0.350279	-276.171875	-18.945312
3822.567466	0.349900	3.848899	1.625060
3823.619442	0.295365	-152.539062	451.757812
3823.621443	0.298822	-152.539062	451.757812
3823.623443	0.348950	3.838450	1.625227
3824.653963	0.350463	-286.425781	-22.070312
3824.655965	0.349865	3.848518	1.625036
3825.710040	2.218801	-144.042969	467.285156
3825.712043	0.350731	3.858045	1.624862
3826.746078	0.352509	-278.808594	-23.144531
3826.748080	0.351696	3.868653	1.624776
3827.800110	0.328292	-159.570312	437.597656
3827.802117	0.350233	-159.570312	437.597656
3827.804120	0.349158	3.840737	1.625028
3828.834116	0.348016	-296.777344	-24.609375
3828.836120	0.350422	3.854642	1.625247
3829.890158	0.333082	-160.839844	434.179687
3829.892161	0.351311	-160.839844	434.179687
3829.894161	0.350304	3.853348	1.624919
3830.923084	0.313385	-281.640625	-23.437500
3830.925085	0.350248	-281.640625	-23.437500
3830.927084	0.349079	3.839868	1.625377
3831.981116	0.348517	-148.339844	457.226562
3831.983122	0.351073	3.861802	1.625399
3833.015140	0.347983	-296.386719	-23.242187
3833.017140	0.348860	3.837458	1.625015
3834.070080	0.349955	-135.253906	477.343750
3834.074078	0.348878	3.837653	1.624851
3835.110117	0.349762	-292.480469	-21.386719
3835.112119	0.349135	3.840489	1.624722
3836.158678	0.323247	-156.835937	440.332031
3836.160680	0.350171	-156.835937	440.332031
3836.164677	0.348367	3.832034	1.625069
3837.197284	0.348912	-284.472656	-18.652344
3837.201284	0.348315	3.831467	1.624780
3838.247335	0.320344	-149.511719	450.683594
3838.249334	0.350466	-149.511719	450.683594
3838.251335	0.349374	3.843112	1.624923
3839.289351	0.350714	-303.808594	-16.406250
3839.291353	0.349694	3.846639	1.624834
3840.336248	0.348527	-153.710937	442.089844
3840.338251	0.350096	3.851053	1.625233
3841.380782	0.335655	-293.457031	-14.843750
3841.382782	0.350064	-293.457031	-14.843750
3841.384786	0.349060	3.839655	1.624785
3842.424829	0.350897	-133.007812	473.925781
3842.426831	0.349603	3.845629	1.624964
3843.472839	0.277029	-291.015625	-14.453125
3843.474840	0.350315	-291.015625	-14.453125
3843.476841	0.349048	3.839531	1.625074
3844.510893	0.320819	-130.761719	478.710937
3844.512894	0.350140	-130.761719	478.710937
3844.514894	0.349067	3.839736	1.625150
3845.566968	0.350550	-284.765625	-16.015625
3845.568972	0.349689	3.846577	1.624846
3846.599004	0.348902	-125.976562	485.449219
3846.601005	0.349860	3.848456	1.625124
3847.658998	0.338480	-284.765625	-18.066406
3847.661000	0.349908	-284.765625	-18.066406
3847.663001	0.348876	3.837635	1.625226
3848.691039	0.350096	-153.222656	442.773437
3848.693040	0.349338	3.842713	1.625143
3849.751034	0.350496	-280.859375	-19.726562
3849.753038	0.349559	3.845150	1.625020
3850.775041	0.307699	-133.593750	475.488281
3850.777041	0.350072	-133.593750	475.488281
3850.779043	0.348996	3.838955	1.625095
3851.841085	0.313241	-279.199219	-21.679687
3851.843088	0.350716	-279.199219	-21.679687
3851.845087	0.349665	3.846320	1.625103
3852.865120	0.348273	-126.953125	486.914062
3852.869120	0.349176	3.840940	1.625224
3853.933218	0.351738	-269.628906	-22.167969
3853.935219	0.350513	3.855643	1.624858
3854.953242	0.286724	-140.722656	464.257812
3854.955245	0.350346	-140.722656	464.257812
3854.957243	0.349130	3.840435	1.625194
3856.023286	0.349782	-278.125000	-24.414062
3856.025286	0.350030	3.850335	1.624799
3857.045301	0.350567	-124.707031	491.406250
3857.047302	0.349535	3.844884	1.625315
3858.112244	0.283156	-269.726562	-25.292969
3858.114246	0.351050	-269.726562	-25.292969
3858.116245	0.349831	3.848146	1.624896
3859.134275	0.341246	-147.851562	449.511719
3859.136278	0.349860	-147.851562	449.511719
3859.138278	0.349843	3.848270	1.624833
3860.204298	0.350416	-283.203125	-26.269531
3860.206299	0.349217	3.841384	1.624822
3861.226835	0.350105	-145.703125	454.785156
3861.228836	0.349073	3.839806	1.624966
3862.295801	0.350366	-288.281250	-25.781250
3862.297803	0.349525	3.844778	1.624870
3863.314310	0.297657	-151.074219	445.019531
3863.316312	0.350448	-151.074219	445.019531
3863.318313	0.349255	3.841800	1.625454
3864.386315	0.349541	-286.816406	-25.781250
3864.388316	0.348691	3.835605	1.625294
3865.404873	0.336175	-144.824219	456.933594
3865.406877	0.349806	-144.824219	456.933594
3865.408877	0.348795	3.836740	1.625031
3866.473805	0.351386	-276.171875	-24.609375
3866.475807	0.351095	3.862051	1.625154
3867.495856	0.349357	-143.066406	457.421875
3867.497860	0.350253	3.852781	1.624788
3868.562861	0.320312	-275.585937	-23.535156
3868.566860	0.349072	-275.585937	-23.535156
3868.568863	0.348322	3.831538	1.625168
3869.584932	0.310071	-128.222656	482.910156
3869.586934	0.350002	-128.222656	482.910156
3869.588935	0.348950	3.838450	1.625096
3870.654976	0.346520	-282.519531	-22.851562
3870.656976	0.350018	3.850202	1.624784
3871.674987	0.348227	-126.562500	483.691406
3871.676989	0.350059	3.850654	1.625255
3872.742960	0.288681	-276.562500	-20.996094
3872.744963	0.350549	-276.562500	-20.996094
3872.746964	0.349342	3.842757	1.625495
3873.769004	0.350565	-122.558594	485.253906
3873.771005	0.349653	3.846187	1.624845
3874.833002	0.349024	-271.582031	-19.531250
3874.835005	0.350846	3.859303	1.624922
3875.860959	0.351344	-146.386719	450.781250
3875.862960	0.350453	3.854978	1.624983
3876.921546	0.348286	-272.753906	-18.457031
3876.923548	0.353378	3.887157	1.624861
3877.953520	0.351755	-127.832031	475.097656
3877.955522	0.350854	3.859392	1.625322
3879.009516	0.350226	-293.554687	-18.652344
3879.011517	0.349315	3.842465	1.624869
3880.044075	0.341824	-150.781250	442.968750
3880.046077	0.351524	-150.781250	442.968750
3880.048076	0.350537	3.855909	1.624985
3881.094624	0.279852	-280.371094	-18.750000
3881.096626	0.350669	-280.371094	-18.750000
3881.098628	0.349447	3.843918	1.625420
3882.138678	0.351150	-129.687500	468.261719
3882.140677	0.350188	3.852063	1.625238
3883.182660	0.313914	-296.484375	-21.582031
3883.184663	0.350853	-296.484375	-21.582031
3883.186661	0.349743	3.847171	1.624808
3884.229636	0.350287	-147.363281	446.484375
3884.231635	0.350516	3.855679	1.624870
3885.271656	0.348525	-272.558594	-22.753906
3885.273657	0.350421	3.854633	1.625393
3886.319659	0.310474	-141.406250	454.785156
3886.321663	0.350064	-141.406250	454.785156
3886.323663	0.348998	3.838982	1.625386
3887.361683	0.350285	-285.156250	-25.585937
3887.363685	0.349187	3.841056	1.625214
3888.412222	0.350171	-145.410156	451.464844
3888.414224	0.348986	-145.410156	451.464844
3888.416223	0.348182	3.830004	1.624867
3889.450234	0.349614	-290.332031	-28.027344
3889.452235	0.349882	3.848704	1.625500
3890.504245	0.353380	-155.468750	434.960937
3890.506246	0.352462	3.877081	1.625230
3891.538769	0.291238	-273.242187	-27.050781
3891.540769	0.351348	-273.242187	-27.050781
3891.542768	0.350137	3.851504	1.625040
3892.592786	0.350515	-160.839844	427.148437
3892.594788	0.349469	3.844157	1.625069
3893.631341	0.350160	-284.179687	-28.222656
3893.635341	0.348394	3.832335	1.624865
3894.681867	0.346847	-143.554687	452.929687
3894.683867	0.350261	3.852869	1.624944
3895.719928	0.338534	-278.320312	-26.757812
3895.721930	0.350559	-278.320312	-26.757812
3895.723929	0.349552	3.845070	1.624895
3896.771951	0.350453	-142.675781	452.929687
3896.775951	0.349356	3.842917	1.625069
3897.810008	0.263073	-278.710937	-26.171875
3897.812010	0.350987	-278.710937	-26.171875
3897.816006	0.349023	3.839257	1.625542
3898.860046	0.308776	-143.945312	449.121094
3898.862047	0.350977	-143.945312	449.121094
3898.864046	0.349895	3.848846	1.625090
3899.904047	0.350581	-289.062500	-24.414062
3899.906050	0.349548	3.845026	1.625082
3900.948575	0.265175	-143.652344	446.972656
3900.950578	0.350998	-143.652344	446.972656
3900.952578	0.349728	3.847011	1.624849
3901.996579	0.350042	-266.699219	-21.679687
3901.998579	0.349209	3.841304	1.625341
3903.038615	0.350511	-146.289062	441.113281
3903.040616	0.349927	3.849200	1.625109
3904.086631	0.350771	-278.808594	-20.996094
3904.088632	0.349623	3.845850	1.624845
3905.128701	0.351704	-128.027344	464.160156
3905.130702	0.350826	3.859091	1.624868
3906.178717	0.350403	-292.578125	-20.996094
3906.180719	0.349756	3.847312	1.625153
3907.215633	0.350173	-147.265625	441.015625
3907.217636	0.349212	-147.265625	441.015625
3907.219636	0.348536	3.833895	1.625214
3908.269625	0.260930	-282.324219	-20.214844
3908.271626	0.350623	-282.324219	-20.214844
3908.273627	0.350584	3.856423	1.625078
3909.301664	0.334864	-131.738281	461.425781
3909.303665	0.350215	-131.738281	461.425781
3909.305666	0.349199	3.841189	1.625190
3910.363688	0.351725	-291.894531	-21.777344
3910.365692	0.351725	3.868972	1.624794
3911.389668	0.336846	-128.515625	466.406250
3911.391668	0.349938	-128.515625	466.406250
3911.393666	0.348960	3.838557	1.625327
3912.453627	0.251982	-272.558594	-23.437500
3912.455630	0.350902	-272.558594	-23.437500
3912.457629	0.349726	3.846985	1.625292
3913.479645	0.352879	-150.097656	438.769531
3913.481646	0.351456	3.866012	1.624804
3914.545611	0.336789	-276.660156	-25.292969
3914.547612	0.350416	-276.660156	-25.292969
3914.549612	0.350358	3.853942	1.625022
3915.567614	0.325311	-135.058594	460.156250
3915.569617	0.349827	-135.058594	460.156250
3915.571619	0.348772	3.836492	1.624863
3916.635651	0.307897	-279.980469	-26.757812
3916.637653	0.350496	-279.980469	-26.757812
3916.641651	0.348682	3.835499	1.625051
3917.657719	0.332430	-132.617187	464.843750
3917.659720	0.350051	-132.617187	464.843750
3917.661721	0.348988	3.838867	1.625196
3918.727791	0.352020	-265.722656	-27.636719
3918.729793	0.351607	3.867678	1.625239
3919.747807	0.350319	-141.699219	452.246094
3919.749809	0.349063	3.839691	1.625387
3920.818334	0.348789	-266.699219	-28.808594
3920.820337	0.349786	3.847649	1.625381
3921.838428	0.351058	-145.605469	447.558594
3921.840432	0.350045	3.850494	1.625426
3922.908986	0.350967	-280.371094	-29.785156
3922.910988	0.349858	3.848438	1.625426
3923.931559	0.349440	-121.679687	480.468750
3923.933560	0.348722	3.835942	1.625098
3924.999610	0.350710	-278.222656	-29.101562
3925.001611	0.349787	3.847658	1.625054
3926.018154	0.315114	-125.097656	475.000000
3926.020157	0.350500	-125.097656	475.000000
3926.022156	0.349432	3.843750	1.624903
3927.086176	2.958348	-270.703125	-28.125000
3927.088178	0.350728	-270.703125	-28.125000
3927.090178	0.349450	3.843945	1.624909
3928.110194	0.350258	-146.191406	444.042969
3928.112196	0.349243	3.841676	1.625408
3929.178751	0.350760	-283.789062	-28.417969
3929.180753	0.349699	3.846692	1.625057
3930.199282	0.349433	-137.988281	454.492187
3930.201283	0.349834	3.848172	1.625157
3931.267280	0.336462	-271.289062	-26.855469
3931.269282	0.349933	-271.289062	-26.855469
3931.271282	0.348912	3.838034	1.625137
3932.291323	0.354861	-151.074219	435.546875
3932.293326	0.353537	3.888912	1.624930
3933.549369	0.259732	-384.863281	-23.730469
3933.551370	0.350450	-384.863281	-23.730469
3933.553370	0.349184	3.841029	1.212537
3934.545341	0.274508	-298.632812	167.675781
3934.547343	0.350370	-298.632812	167.675781
3934.549344	0.349142	3.840559	1.624721
3935.623389	0.349437	-391.992187	-21.191406
3935.625389	0.349945	3.849395	1.245522
3936.613466	0.351047	-294.140625	143.750000
3936.615468	0.349963	3.849590	1.485924
3937.721502	0.350378	-372.363281	-35.253906
3937.723504	0.349275	3.842031	1.446284
3938.707519	0.311520	-291.796875	129.394531
3938.709518	0.350092	-291.796875	129.394531
3938.711522	0.349013	3.839141	1.625191
3939.795503	0.328327	-373.925781	-37.988281
3939.797505	0.350274	-373.925781	-37.988281
3939.799505	0.349251	3.841765	1.300064
3940.799568	0.349480	-290.039062	118.847656
3940.801569	0.348600	3.834604	1.355129
3941.885573	0.343503	-375.000000	-41.113281
3941.887576	0.350174	-375.000000	-41.113281
3941.889576	0.349246	3.841703	1.619707
3942.910548	0.291376	-294.726562	116.894531
3942.912548	0.350452	-294.726562	116.894531
3942.914550	0.349238	3.841623	1.602673
3943.966594	0.269348	-372.656250	-44.921875
3943.968596	0.350468	-372.656250	-44.921875
3943.970598	0.349141	3.840551	1.625099
3945.002605	0.351962	-298.535156	116.601562
3945.004607	0.351017	3.861182	1.526567
3946.048612	0.293042	-380.371094	-43.554687
3946.050614	0.350152	-380.371094	-43.554687
3946.052614	0.348999	3.838991	1.624762
3947.113580	0.342696	-304.492187	131.445312
3947.115581	0.350183	-304.492187	131.445312
3947.117581	0.349167	3.840834	1.623689
4054.192964	0.445020	-38.964844	558.691406
4054.194967	0.449622	-38.964844	558.691406
4054.198969	0.495590	5.451487	0.051798
4055.230990	0.439581	-172.558594	0.000000
4055.232992	0.497592	-172.558594	0.000000
4055.234992	0.495792	5.453712	0.051173
4056.273541	0.491942	-24.902344	545.117187
4056.275541	0.496664	-24.902344	545.117187
4056.277542	0.495202	5.447224	0.014003
4057.334077	0.464967	-170.312500	-1.269531
4057.336079	0.497943	-170.312500	-1.269531
4057.338080	0.496384	5.460225	0.066299
4058.352108	0.262240	-37.890625	570.019531
4058.354110	0.485072	-37.890625	570.019531
4058.356111	0.496477	-37.890625	570.019531
4058.360108	0.494083	5.434915	0.022623
