time (s)	coil I (A)	last det (V)	int current (uC)
5170.919206	0.503301	-48.437500	643.945312
5170.921210	0.646026	-48.437500	643.945312
5170.923210	0.644812	7.092937	0.047289
5171.981270	0.646286	-206.542969	8.300781
5171.983274	0.644201	7.086210	0.495105
5173.003816	0.592572	-58.007812	651.953125
5173.005816	0.645741	-58.007812	651.953125
5173.007819	0.643634	7.079971	0.479463
5174.065833	0.329844	-193.164062	2.636719
5174.067835	0.600044	-193.164062	2.636719
5174.069837	0.645915	-193.164062	2.636719
5174.071835	0.643922	7.083144	0.088582
5175.099880	0.296523	-66.015625	635.351562
5175.101883	0.580417	-66.015625	635.351562
5175.103883	0.646154	-66.015625	635.351562
5175.105883	0.643939	7.083330	0.046144
5176.145918	0.589199	-188.183594	0.781250
5176.147921	0.645927	-188.183594	0.781250
5176.149920	0.643851	7.082364	0.060209
5177.201983	0.614932	-68.554687	637.402344
5177.203984	0.645089	-68.554687	637.402344
5177.205984	0.643237	7.075611	0.078958
5178.230534	0.499544	-196.386719	5.761719
5178.232536	0.645530	-196.386719	5.761719
5178.234537	0.644437	7.088807	0.041438
5179.290551	0.642791	-63.574219	645.507812
5179.294551	0.643481	-63.574219	645.507812
5179.296552	0.642345	7.065791	0.074066
5180.327112	0.414963	-200.585937	11.328125
5180.329114	0.634002	-200.585937	11.328125
5180.331114	0.644913	-200.585937	11.328125
5180.333113	0.643132	7.074450	0.054444
5181.371185	0.614496	-57.812500	654.589844
5181.373186	0.645166	-57.812500	654.589844
5181.375186	0.643265	7.075912	0.054489
5182.426140	0.466970	-207.031250	9.863281
5182.428143	0.643560	-207.031250	9.863281
5182.432142	0.643112	7.074237	0.080690
5183.458185	0.646289	-47.656250	646.484375
5183.460187	0.644170	7.085865	0.404212
5184.520175	0.643996	-206.835937	5.468750
5184.522177	0.645127	7.096393	0.096879
5185.544735	0.537896	-56.152344	652.539062
5185.546737	0.646920	-56.152344	652.539062
5185.548736	0.644871	7.093584	0.073021
5186.609684	0.644068	-209.960937	1.855469
5186.611686	0.644820	7.093017	0.097456
5187.638233	0.646425	-54.492187	640.917969
5187.640235	0.644394	7.088328	0.065675
5188.696270	0.493613	-210.449219	-0.878906
5188.698272	0.645513	-210.449219	-0.878906
5188.700273	0.644622	7.090845	0.097260
5189.724223	0.315865	-60.546875	642.871094
5189.726226	0.592329	-60.546875	642.871094
5189.728226	0.646440	-60.546875	642.871094
5189.730224	0.644390	7.088293	0.031040
5190.790270	0.547590	-202.832031	-0.781250
5190.792272	0.647182	-202.832031	-0.781250
5190.794272	0.645061	7.095675	0.098968
5191.814311	0.484755	-56.738281	638.574219
5191.816313	0.644996	-56.738281	638.574219
5191.818313	0.644765	7.092414	0.025645
5192.878361	0.347098	-211.230469	-0.976562
5192.880367	0.608519	-211.230469	-0.976562
5192.882371	0.614920	-211.230469	-0.976562
5192.884372	0.643484	7.078322	0.114418
5193.904377	0.610075	-55.468750	641.601562
5193.906378	0.645362	-55.468750	641.601562
5193.912377	0.641279	7.054067	0.030515
5194.972422	0.564688	-195.214844	1.269531
5194.974425	0.646028	-195.214844	1.269531
5194.976426	0.643786	7.081646	0.112273
5195.992493	0.448827	-55.468750	650.000000
5195.994496	0.641548	-55.468750	650.000000
5195.996495	0.645205	-55.468750	650.000000
5195.998493	0.643506	7.078571	0.023076
5197.065060	0.640259	-208.691406	3.125000
5197.067062	0.644443	-208.691406	3.125000
5197.069063	0.642760	7.070364	0.110747
5198.083578	0.588163	-52.734375	653.515625
5198.085580	0.645714	-52.734375	653.515625
5198.087581	0.643635	7.079988	0.032188
5199.150098	0.307531	-202.343750	6.640625
5199.152100	0.587202	-202.343750	6.640625
5199.154099	0.645938	-202.343750	6.640625
5199.156099	0.643795	7.081744	0.106684
5200.176171	0.468179	-48.339844	643.457031
5200.178173	0.643200	-48.339844	643.457031
5200.180172	0.644290	7.087193	0.045080
5201.236180	0.607410	-209.179687	9.179687
5201.238182	0.645158	-209.179687	9.179687
5201.240183	0.643173	7.074902	0.089404
5202.274705	0.518521	-63.183594	645.019531
5202.276706	0.646541	-63.183594	645.019531
5202.278706	0.644728	7.092006	0.071856
5203.318684	0.621964	-197.363281	7.128906
5203.320687	0.646048	-197.363281	7.128906
5203.324684	0.643046	7.073510	0.061857
5204.370746	0.569945	-66.894531	637.011719
5204.372750	0.645809	-66.894531	637.011719
5204.374749	0.643544	7.078988	0.350895
5205.407631	1.447852	-184.082031	0.781250
5205.409633	0.647228	-184.082031	0.781250
5205.411633	0.645707	7.102774	0.056084
5206.455693	0.366148	-66.406250	633.300781
5206.457694	0.617010	-66.406250	633.300781
5206.459694	0.645134	-66.406250	633.300781
5206.465691	0.641141	7.052551	0.081530
5207.503715	0.511557	-192.773437	-3.417969
5207.505717	0.646504	-192.773437	-3.417969
5207.507717	0.644966	7.094629	0.094794
5208.535742	0.413007	-62.109375	639.941406
5208.537744	0.633560	-62.109375	639.941406
5208.539745	0.635542	-62.109375	639.941406
5208.541751	0.643318	7.076497	0.045559
5209.601823	0.349009	-205.859375	-0.585937
5209.605823	0.645308	-205.859375	-0.585937
5209.607824	0.643301	-205.859375	-0.585937
5209.609825	0.642071	7.062778	0.127222
5210.622380	0.581967	-54.687500	650.976562
5210.624383	0.646118	-54.687500	650.976562
5210.626382	0.643928	7.083206	0.398941
5211.691343	0.435346	-210.839844	5.078125
5211.693347	0.638321	-210.839844	5.078125
5211.695345	0.644338	-210.839844	5.078125
5211.697346	0.642625	7.068875	0.116187
5212.721904	0.646340	-48.828125	632.421875
5212.723904	0.644105	7.085156	0.318896
5213.771933	0.486018	-208.984375	7.421875
5213.773937	0.645439	-208.984375	7.421875
5213.775940	0.645099	7.096091	0.073480
5214.816897	0.324962	-60.937500	631.152344
5214.818898	0.597180	-60.937500	631.152344
5214.820897	0.645581	-60.937500	631.152344
5214.822899	0.643476	7.078234	0.101127
5215.854918	0.354747	-189.257812	1.367187
5215.856922	0.612283	-189.257812	1.367187
5215.858921	0.645712	-189.257812	1.367187
5215.860920	0.643768	7.081451	0.063892
5216.908988	0.414090	-65.429687	631.445312
5216.910990	0.633474	-65.429687	631.445312
5216.912991	0.644601	-65.429687	631.445312
5216.914991	0.642839	7.071233	0.091980
5217.951038	0.333290	-191.992187	-4.492187
5217.953041	0.645968	-191.992187	-4.492187
5217.955041	0.643710	7.080813	0.094421
5218.991108	0.591407	-69.042969	637.792969
5218.993109	0.646007	-69.042969	637.792969
5218.995110	0.643872	7.082594	0.076804
5220.049666	0.345701	-205.957031	-4.492187
5220.053666	0.645963	-205.957031	-4.492187
5220.055668	0.644025	-205.957031	-4.492187
5220.057667	0.642824	7.071064	0.121496
5221.075703	0.646679	-53.710937	634.082031
5221.077707	0.644539	7.089924	0.291025
5222.145750	0.608344	-194.726562	-0.195312
5222.147752	0.645140	-194.726562	-0.195312
5222.149752	0.643163	7.074795	0.131284
5223.161770	0.448931	-53.710937	646.679687
5223.163773	0.641533	-53.710937	646.679687
5223.165771	0.645228	-53.710937	646.679687
5223.167774	0.643552	7.079067	0.053421
5224.234336	0.575295	-197.656250	3.417969
5224.236339	0.646124	-197.656250	3.417969
5224.238339	0.643940	7.083339	0.122467
5225.256336	0.643709	-54.687500	645.312500
5225.258336	0.647122	-54.687500	645.312500
5225.260336	0.645537	7.100904	0.057089
5226.319281	0.371207	-215.332031	5.371094
5226.321284	0.619034	-215.332031	5.371094
5226.323282	0.644912	-215.332031	5.371094
5226.325284	0.643024	7.073262	0.114458
5227.348197	0.418752	-49.023437	629.296875
5227.350200	0.634922	-49.023437	629.296875
5227.352200	0.644862	-49.023437	629.296875
5227.354201	0.643151	7.074663	0.077630
5228.404203	0.300814	-215.039062	6.640625
5228.406204	0.583159	-215.039062	6.640625
5228.408203	0.646121	-215.039062	6.640625
5228.410204	0.644042	7.084464	0.113562
5229.442184	0.404067	-54.687500	631.054687
5229.444186	0.630659	-54.687500	631.054687
5229.446184	0.644740	-54.687500	631.054687
5229.448186	0.642888	7.071774	0.093422
5230.492191	0.308808	-210.546875	6.933594
5230.494193	0.587830	-210.546875	6.933594
5230.496192	0.645514	-210.546875	6.933594
5230.498191	0.643317	7.076488	0.089579
5231.534735	0.550920	-62.792969	631.445312
5231.536734	0.646889	-62.792969	631.445312
5231.538734	0.644635	7.090987	0.099135
5232.581681	0.539624	-193.457031	7.031250
5232.583686	0.646562	-193.457031	7.031250
5232.585684	0.644413	7.088541	0.080595
5233.625686	0.395467	-62.695312	628.515625
5233.627687	0.628320	-62.695312	628.515625
5233.629688	0.645377	-62.695312	628.515625
5233.631689	0.643519	7.078713	0.111713
5234.672645	0.590188	-204.687500	6.152344
5234.674649	0.645725	-204.687500	6.152344
5234.676650	0.643649	7.080140	0.087821
5235.713222	0.255162	-60.351562	627.539062
5235.715222	0.551840	-60.351562	627.539062
5235.717222	0.646204	-60.351562	627.539062
5235.719222	0.644064	7.084703	0.108206
5236.761769	0.408442	-196.289062	5.371094
5236.763772	0.631952	-196.289062	5.371094
5236.765772	0.644721	-196.289062	5.371094
5236.767771	0.642979	7.072766	0.097737
5237.803808	0.612989	-60.058594	629.101562
5237.805811	0.645426	-60.058594	629.101562
5237.807812	0.643427	7.077693	0.727378
5238.856752	0.539649	-212.695312	4.296875
5238.860751	0.644368	-212.695312	4.296875
5238.862754	0.642880	7.071676	0.113265
5239.887343	0.301542	-53.125000	630.859375
5239.889345	0.583308	-53.125000	630.859375
5239.891344	0.645649	-53.125000	630.859375
5239.893346	0.643510	7.078607	0.093093
5240.949388	0.405779	-208.886719	3.125000
5240.951390	0.631127	-208.886719	3.125000
5240.953390	0.644665	-208.886719	3.125000
5240.955391	0.642875	7.071622	0.130991
5241.977413	0.645887	-46.777344	628.320312
5241.979416	0.643836	-46.777344	628.320312
5241.981417	0.642593	7.068521	0.069778
5243.043440	0.399776	-215.136719	-0.097656
5243.045442	0.629152	-215.136719	-0.097656
5243.047443	0.644564	-215.136719	-0.097656
5243.051439	0.641611	7.057718	0.141382
5244.063431	0.557080	-49.316406	632.714844
5244.065433	0.646492	-49.316406	632.714844
5244.067433	0.644288	7.087167	0.059401
5245.133552	0.496557	-197.070312	-3.222656
5245.135552	0.645861	-197.070312	-3.222656
5245.137556	0.644880	7.093681	0.139295
5246.153569	0.277926	-59.277344	637.109375
5246.155568	0.568090	-59.277344	637.109375
5246.157569	0.645976	-59.277344	637.109375
5246.159570	0.643783	7.081611	0.062894
5247.221601	0.646299	-200.781250	-7.714844
5247.223604	0.644508	7.089587	0.132701
5248.252120	0.559896	-70.214844	633.398437
5248.254124	0.646201	-70.214844	633.398437
5248.256123	0.643913	7.083046	0.084628
5249.300661	0.334074	-188.476562	-8.007812
5249.302666	0.602047	-188.476562	-8.007812
5249.304663	0.645613	-188.476562	-8.007812
5249.306663	0.643633	7.079962	0.116522
5250.348702	0.408868	-65.136719	624.218750
5250.350703	0.632259	-65.136719	624.218750
5250.352703	0.644938	-65.136719	624.218750
5250.354703	0.643280	7.076080	0.109680
5251.386733	0.514390	-190.820312	-2.832031
5251.388735	0.646395	-190.820312	-2.832031
5251.390736	0.644793	7.092724	0.089162
5252.440760	0.414303	-63.085937	619.824219
5252.442762	0.633884	-63.085937	619.824219
5252.444761	0.645102	-63.085937	619.824219
5252.446764	0.643393	7.077322	0.121319
5253.478843	0.449792	-198.339844	3.710937
5253.480847	0.642413	-198.339844	3.710937
5253.482846	0.645950	7.105450	0.092136
5254.526871	0.644462	-50.683594	615.429687
5254.528872	0.642813	7.070940	0.103455
5255.578955	0.434934	-201.464844	4.003906
5255.580957	0.639148	-201.464844	4.003906
5255.582958	0.645527	-201.464844	4.003906
5255.584957	0.643831	7.082142	0.123823
5256.608989	0.644543	-52.441406	633.105469
5256.610989	0.643017	7.073192	0.083967
5257.675517	0.561293	-205.371094	-1.171875
5257.677518	0.646647	-205.371094	-1.171875
5257.679518	0.646578	7.112363	0.348394
5258.693541	0.581569	-58.886719	638.964844
5258.695545	0.645850	-58.886719	638.964844
5258.697544	0.643643	7.080077	0.069073
5259.764115	0.620562	-202.636719	-6.933594
5259.768114	0.643200	-202.636719	-6.933594
5259.770115	0.641962	7.061582	0.155085
5260.788670	0.622969	-64.257812	634.570312
5260.790670	0.644862	-64.257812	634.570312
5260.792673	0.643038	7.073413	0.081606
5261.845219	0.418212	-201.269531	-10.058594
5261.847218	0.634820	-201.269531	-10.058594
5261.849219	0.644990	-201.269531	-10.058594
5261.851218	0.643270	7.075965	0.130271
5262.885794	0.521027	-72.753906	629.199219
5262.887798	0.646358	-72.753906	629.199219
5262.889801	0.644534	7.089879	0.098532
5263.928804	0.452582	-199.218750	-8.691406
5263.930801	0.642389	-199.218750	-8.691406
5263.932802	0.644833	-199.218750	-8.691406
5263.934802	0.643076	7.073839	0.107103
5264.979724	0.264845	-67.382812	621.191406
5264.981725	0.559401	-67.382812	621.191406
5264.983728	0.647942	-67.382812	621.191406
5264.985726	0.645708	7.102792	0.126129
5266.015767	0.387859	-195.410156	-4.199219
5266.017768	0.625414	-195.410156	-4.199219
5266.019770	0.645020	-195.410156	-4.199219
5266.021776	0.643098	7.074078	0.100896
5267.069801	0.361588	-64.453125	615.917969
5267.071803	0.615042	-64.453125	615.917969
5267.073803	0.645194	-64.453125	615.917969
5267.075802	0.643287	7.076160	0.134154
5268.107884	0.400987	-201.660156	0.000000
5268.109886	0.629706	-201.660156	0.000000
5268.111887	0.644830	-201.660156	0.000000
5268.113886	0.642933	7.072261	0.096571
5269.157934	0.466225	-54.882812	609.375000
5269.159934	0.643394	-54.882812	609.375000
5269.161931	0.644727	7.091998	0.130345
5270.201995	0.482483	-194.628906	2.929687
5270.203998	0.644514	-194.628906	2.929687
5270.205995	0.644370	7.088071	0.111843
5271.244030	0.563476	-51.464844	608.984375
5271.246032	0.646317	-51.464844	608.984375
5271.248033	0.644107	7.085182	0.125402
5272.296040	0.546384	-203.417969	2.539062
5272.298041	0.647780	-203.417969	2.539062
5272.300041	0.645677	7.102446	0.226356
5273.334068	0.645659	-49.121094	610.058594
5273.336070	0.643484	7.078322	0.116213
5274.388051	0.544191	-210.839844	2.343750
5274.390051	0.646145	-210.839844	2.343750
5274.392054	0.643894	7.082833	0.144739
5275.418600	0.299886	-51.855469	615.332031
5275.420603	0.582339	-51.855469	615.332031
5275.422603	0.645738	-51.855469	615.332031
5275.424602	0.643636	7.079998	0.121022
5276.476638	0.339686	-209.765625	1.855469
5276.480635	0.645250	-209.765625	1.855469
5276.482643	0.643314	-209.765625	1.855469
5276.484648	0.642081	7.062893	0.144472
5277.511189	0.591879	-58.691406	620.605469
5277.513186	0.645302	-58.691406	620.605469
5277.515188	0.643266	7.075921	0.111638
5278.567274	0.514125	-205.468750	2.636719
5278.569276	0.645699	-205.468750	2.636719
5278.571275	0.643991	7.083906	0.137488
5279.601274	0.481004	-56.738281	615.625000
5279.603274	0.644350	-56.738281	615.625000
5279.605275	0.644257	7.086830	0.131762
5280.655835	0.526462	-209.472656	2.441406
5280.657836	0.646255	-209.472656	2.441406
5280.659836	0.644263	7.086893	0.125307
5281.700411	0.642600	-59.570312	612.890625
5281.702413	0.642562	7.068184	0.127014
5282.740944	0.338215	-201.953125	2.246094
5282.742948	0.604122	-201.953125	2.246094
5282.744947	0.645501	-201.953125	2.246094
5282.746950	0.643428	7.077711	0.133744
5283.788938	0.601742	-66.210937	611.230469
5283.790937	0.644961	-66.210937	611.230469
5283.792938	0.642955	7.072500	0.137954
5284.827884	0.343181	-197.753906	-1.757812
5284.829886	0.606750	-197.753906	-1.757812
5284.831885	0.645829	-197.753906	-1.757812
5284.833887	0.643796	7.081752	0.115471
5285.879991	0.332738	-60.937500	608.496094
5285.881990	0.601055	-60.937500	608.496094
5285.883992	0.645157	-60.937500	608.496094
5285.885991	0.643108	7.074193	0.145118
5286.916039	0.295381	-195.410156	-5.957031
5286.918041	0.579409	-195.410156	-5.957031
5286.920040	0.645372	-195.410156	-5.957031
5286.924039	0.641909	7.060997	0.124834
5287.970025	0.495262	-68.457031	616.796875
5287.972028	0.645422	-68.457031	616.796875
5287.974030	0.644538	7.089914	0.144765
5289.010049	0.517410	-191.699219	-9.570312
5289.012053	0.646472	-191.699219	-9.570312
5289.014051	0.644840	7.093238	0.131929
5290.056114	0.524370	-65.527344	619.726562
5290.058117	0.646118	-65.527344	619.726562
5290.060115	0.644163	7.085794	0.124660
5291.106150	0.439921	-193.261719	-11.328125
5291.108153	0.639402	-193.261719	-11.328125
5291.110149	0.644521	-193.261719	-11.328125
5291.112151	0.642773	7.070506	0.147528
5292.136181	0.422754	-70.410156	627.636719
5292.140183	0.644858	-70.410156	627.636719
5292.144182	0.642014	-70.410156	627.636719
5292.146183	0.641185	7.053039	0.108826
5293.202209	0.269292	-193.945312	-9.179687
5293.204210	0.562002	-193.945312	-9.179687
5293.206210	0.645920	-193.945312	-9.179687
5293.208210	0.643716	7.080875	0.188019
5294.224227	0.573012	-58.496094	627.734375
5294.226230	0.645298	-58.496094	627.734375
5294.228228	0.643103	7.074131	0.378332
5295.294264	0.352803	-209.570312	-5.468750
5295.296266	0.611175	-209.570312	-5.468750
5295.298267	0.645328	-209.570312	-5.468750
5295.300265	0.643428	7.077711	0.199095
5296.313257	0.447664	-55.664062	622.363281
5296.317259	0.644689	-55.664062	622.363281
5296.319259	0.642887	-55.664062	622.363281
5296.321259	0.641756	7.059313	0.098655
5297.383249	0.571794	-204.394531	0.292969
5297.385252	0.645951	-204.394531	0.292969
5297.387252	0.643695	7.080645	0.433400
5298.411241	0.608770	-49.121094	604.003906
5298.413245	0.645353	-49.121094	604.003906
5298.415249	0.643388	7.077269	0.126952
5299.465244	0.536369	-210.742187	1.269531
5299.467246	0.646322	-210.742187	1.269531
5299.471243	0.642832	7.071153	0.181719
5300.509258	0.644648	-53.417969	596.972656
5300.511260	0.644838	7.093220	0.146362
5301.547301	0.269146	-202.636719	-1.953125
5301.549302	0.561834	-202.636719	-1.953125
5301.551303	0.645808	-202.636719	-1.953125
5301.553305	0.643507	7.078580	0.130136
5302.601876	0.550816	-62.304687	601.953125
5302.603879	0.560230	-62.304687	601.953125
5302.605878	0.644225	7.086476	0.284238
5303.637943	0.523297	-200.488281	-8.886719
5303.639943	0.646723	-200.488281	-8.886719
5303.641945	0.644818	7.092999	0.129245
5304.692511	0.646171	-69.921875	611.718750
5304.694513	0.643923	7.083153	0.420005
5305.731093	0.533733	-194.238281	-12.500000
5305.733094	0.646037	-194.238281	-12.500000
5305.735094	0.643975	7.083720	0.174236
5306.775102	1.325181	-63.867187	613.281250
5306.777104	0.627093	-63.867187	613.281250
5306.779102	0.645012	-63.867187	613.281250
5306.781105	0.643165	7.074813	0.148129
5307.825187	0.465870	-195.703125	-12.792969
5307.827189	0.642909	-195.703125	-12.792969
5307.829189	0.644186	7.086041	0.168445
5308.863219	0.646070	-67.480469	619.433594
5308.865221	0.644836	7.093194	0.127099
5309.917805	0.239370	-191.699219	-11.621094
5309.919808	0.540256	-191.699219	-11.621094
5309.921807	0.646815	-191.699219	-11.621094
5309.925804	0.643346	7.076807	0.196657
5310.945858	0.313588	-55.859375	615.722656
5310.947859	0.590491	-55.859375	615.722656
5310.949858	0.645459	-55.859375	615.722656
5310.951859	0.643393	7.077322	0.123122
5312.011869	0.316754	-196.875000	-10.839844
5312.013870	0.592385	-196.875000	-10.839844
5312.015872	0.645481	-196.875000	-10.839844
5312.017870	0.643393	7.077322	0.202304
5313.035896	0.631961	-61.425781	620.800781
5313.039897	0.643264	-61.425781	620.800781
5313.041899	0.642064	7.062708	0.101492
5314.102421	0.327020	-196.972656	-9.277344
5314.106421	0.645848	-196.972656	-9.277344
5314.108423	0.643749	-196.972656	-9.277344
5314.110424	0.642519	7.067706	0.201505
5315.124442	0.559215	-62.207031	619.921875
5315.126443	0.645656	-62.207031	619.921875
5315.128443	0.643417	7.077587	0.108890
5316.194445	0.550708	-198.437500	-9.863281
5316.196448	0.646219	-198.437500	-9.863281
5316.198449	0.643939	7.083330	0.335741
5317.214491	0.612423	-58.203125	618.066406
5317.216493	0.645016	-58.203125	618.066406
5317.218492	0.642972	7.072695	0.111712
5318.285044	0.561225	-198.535156	-10.156250
5318.287046	0.645980	-198.535156	-10.156250
5318.289045	0.643767	7.081442	0.392037
5319.303052	0.443821	-56.835937	616.406250
5319.305054	0.639716	-56.835937	616.406250
5319.307056	0.644165	-56.835937	616.406250
5319.309054	0.644087	7.084960	0.116258
5320.373076	0.357928	-202.539062	-11.132812
5320.375078	0.613649	-202.539062	-11.132812
5320.377077	0.645448	-202.539062	-11.132812
5320.379079	0.643506	7.078562	0.209710
5321.393096	0.375086	-60.156250	616.503906
5321.395098	0.620256	-60.156250	616.503906
5321.397096	0.644330	-60.156250	616.503906
5321.399096	0.642569	7.068264	0.119888
5322.465139	0.646815	-195.214844	-11.425781
5322.467140	0.644995	-195.214844	-11.425781
5322.469140	0.643454	7.077995	0.196228
5323.485193	0.384957	-62.597656	615.820312
5323.487192	0.624028	-62.597656	615.820312
5323.489192	0.644385	-62.597656	615.820312
5323.491193	0.642635	7.068982	0.121313
5324.553749	0.643891	-189.062500	-12.695312
5324.557749	0.643045	-189.062500	-12.695312
5324.559752	0.642068	7.062743	0.192288
5325.581758	0.644737	-64.648437	615.332031
5325.583762	0.642913	-64.648437	615.332031
5325.585760	0.641776	7.059534	0.132941
5326.638292	0.558952	-198.046875	-15.527344
5326.640293	0.646267	-198.046875	-15.527344
5326.642296	0.644076	7.084836	0.200063
5327.674811	0.646850	-72.265625	611.816406
5327.676813	0.646847	7.115314	0.151345
5328.723763	0.506377	-190.820312	-15.332031
5328.725765	0.645774	-190.820312	-15.332031
5328.727764	0.644377	7.088151	0.181765
5329.767817	0.578276	-65.722656	603.906250
5329.769818	0.645770	-65.722656	603.906250
5329.771818	0.643628	7.079909	0.171526
5330.807844	0.539449	-201.855469	-14.648437
5330.809847	0.646655	-201.855469	-14.648437
5330.813844	0.643079	7.073865	0.177617
5331.860768	0.504667	-75.390625	598.046875
5331.862772	0.516466	-75.390625	598.046875
5331.864770	0.644653	7.091182	0.168922
5332.896762	0.384427	-206.152344	-11.132812
5332.900764	0.645190	-206.152344	-11.132812
5332.902764	0.643422	-206.152344	-11.132812
5332.904764	0.643376	7.077135	0.166432
5333.950762	0.503895	-66.699219	589.355469
5333.952763	0.646047	-66.699219	589.355469
5333.954763	0.644816	7.092981	0.174360
5334.991736	0.645563	-207.421875	-4.003906
5334.993738	0.643724	7.080964	0.142864
5336.036701	0.616263	-51.660156	582.421875
5336.038702	0.618374	-51.660156	582.421875
5336.040700	0.642733	7.070063	0.184488
5337.086741	0.499248	-203.710937	-1.171875
5337.088744	0.645847	-203.710937	-1.171875
5337.090744	0.644758	7.092334	0.181424
5338.118777	0.322183	-49.414062	589.355469
5338.120784	0.595366	-49.414062	589.355469
5338.122786	0.645322	-49.414062	589.355469
5338.124785	0.643287	7.076160	0.161975
5339.182810	0.559522	-212.304687	-4.394531
5339.184813	0.646068	-212.304687	-4.394531
5339.186812	0.643875	7.082630	0.215347
5340.205381	0.645922	-55.761719	602.636719
5340.207385	0.644348	7.087823	0.143840
5341.273978	0.362759	-203.710937	-8.496094
5341.275980	0.615585	-203.710937	-8.496094
5341.277979	0.645145	-203.710937	-8.496094
5341.279981	0.643186	7.075044	0.224150
5342.291977	0.384909	-57.226562	608.593750
5342.293978	0.624166	-57.226562	608.593750
5342.295979	0.644730	-57.226562	608.593750
5342.297979	0.642841	7.071251	0.139352
5343.366011	0.645874	-195.605469	-12.890625
5343.368013	0.644008	7.084083	0.215718
5344.386070	0.464318	-60.351562	610.156250
5344.388072	0.643046	-60.351562	610.156250
5344.390071	0.644612	7.090730	0.137015
5345.448088	0.327830	-206.640625	-17.675781
5345.450091	0.598212	-206.640625	-17.675781
5345.452090	0.644750	-206.640625	-17.675781
5345.454092	0.642748	7.070223	0.213814
5346.482089	0.581123	-72.265625	609.082031
5346.484092	0.645301	-72.265625	609.082031
5346.486092	0.643113	7.074246	0.150424
5347.535014	0.483236	-195.996094	-17.382812
5347.537016	0.644914	-195.996094	-17.382812
5347.539016	0.644787	7.092662	0.207164
5348.575531	0.503655	-69.628906	603.320312
5348.577534	0.646075	-69.628906	603.320312
5348.579536	0.644828	7.093105	0.176474
5349.619562	0.361082	-191.992187	-16.406250
5349.621563	0.614869	-191.992187	-16.406250
5349.623563	0.645236	-191.992187	-16.406250
5349.625563	0.643339	7.076727	0.200157
5350.667607	0.276656	-71.582031	597.460937
5350.669608	0.567143	-71.582031	597.460937
5350.671608	0.646114	-71.582031	597.460937
5350.673607	0.643930	7.083232	0.206392
5351.705667	0.314323	-192.871094	-14.355469
5351.709668	0.645322	-192.871094	-14.355469
5351.711669	0.643353	-192.871094	-14.355469
5351.713668	0.642044	7.062486	0.192303
5352.761703	0.574161	-66.601562	589.550781
5352.763707	0.645807	-66.601562	589.550781
5352.765704	0.643637	7.080007	0.467976
5353.795793	0.416028	-192.382812	-11.914062
5353.797796	0.633833	-192.382812	-11.914062
5353.799795	0.644456	-192.382812	-11.914062
5353.803794	0.641589	7.057479	0.175367
5354.851820	0.530158	-68.359375	585.937500
5354.855818	0.644175	-68.359375	585.937500
5354.857821	0.642718	7.069903	0.208678
5355.887854	0.636618	-188.378906	-8.496094
5355.889855	0.644254	-188.378906	-8.496094
5355.891855	0.642603	7.068627	0.165192
5356.941931	0.545690	-59.375000	579.589844
5356.943930	0.645954	-59.375000	579.589844
5356.945929	0.643753	7.081283	0.198333
5357.976012	0.376575	-194.531250	-7.421875
5357.978013	0.621116	-194.531250	-7.421875
5357.980012	0.644893	-194.531250	-7.421875
5357.982013	0.643025	7.073272	0.174232
5359.032079	0.565346	-62.792969	579.882812
5359.034081	0.645401	-62.792969	579.882812
5359.036081	0.643150	7.074654	0.416648
5360.070092	0.623585	-197.265625	-6.640625
5360.072094	0.644278	-197.265625	-6.640625
5360.074094	0.642511	7.067626	0.168712
5361.120158	0.369977	-62.109375	577.734375
5361.122161	0.618371	-62.109375	577.734375
5361.124160	0.644791	-62.109375	577.734375
5361.126160	0.642926	7.072181	0.205836
5362.156201	0.410748	-190.820312	-6.835937
5362.160200	0.645093	-190.820312	-6.835937
5362.162209	0.643278	-190.820312	-6.835937
5362.164206	0.642137	7.063505	0.176044
5363.210233	0.459812	-72.167969	579.101562
5363.212237	0.642908	-72.167969	579.101562
5363.214237	0.644844	7.093282	0.209822
5364.246227	0.415131	-200.585937	-9.570312
5364.248230	0.633876	-200.585937	-9.570312
5364.250230	0.644870	-200.585937	-9.570312
5364.252230	0.643061	7.073670	0.185482
5365.302783	0.643860	-60.351562	577.343750
5365.304784	0.644758	7.092334	0.199310
5366.336781	0.563944	-194.628906	-10.449219
5366.338785	0.645637	-194.628906	-10.449219
5366.342782	0.643369	7.077055	0.382900
5367.390816	0.545433	-66.113281	581.347656
5367.392817	0.645926	-66.113281	581.347656
5367.394818	0.643679	7.080467	0.300837
5368.426849	0.513443	-191.992187	-13.378906
5368.428851	0.646069	-191.992187	-13.378906
5368.430850	0.644480	7.089277	0.185966
5369.480901	0.556892	-69.824219	586.035156
5369.482902	0.561654	-69.824219	586.035156
5369.484903	0.644174	7.085908	0.378146
5370.516954	0.455712	-202.050781	-17.871094
5370.518950	0.641507	-202.050781	-17.871094
5370.522951	0.642246	-202.050781	-17.871094
5370.524956	0.641166	7.052826	0.210825
5371.571033	0.645608	-78.808594	589.746094
5371.573033	0.643415	7.077561	0.204099
5372.609971	0.373741	-193.652344	-18.750000
5372.611973	0.619880	-193.652344	-18.750000
5372.613973	0.644539	-193.652344	-18.750000
5372.615973	0.642590	7.068485	0.214271
5373.654023	0.534473	-74.609375	596.484375
5373.656030	0.646441	-74.609375	596.484375
5373.658034	0.644365	7.088018	0.226577
5374.704611	0.456273	-186.816406	-18.457031
5374.708608	0.644331	-186.816406	-18.457031
5374.710611	0.642689	-186.816406	-18.457031
5374.712612	0.641674	7.058418	0.229463
5375.740650	0.609841	-68.359375	599.023437
5375.742653	0.645320	-68.359375	599.023437
5375.744653	0.643382	7.077197	0.185188
5376.798689	0.380607	-197.656250	-19.335937
5376.802690	0.644340	-197.656250	-19.335937
5376.804693	0.642536	-197.656250	-19.335937
5376.806692	0.641393	7.055325	0.240415
5377.824733	0.529950	-69.335937	598.632812
5377.826734	0.646326	-69.335937	598.632812
5377.828735	0.644243	7.086671	0.163409
5378.893647	0.435654	-198.632812	-15.917969
5378.895648	0.638356	-198.632812	-15.917969
5378.897649	0.644231	-198.632812	-15.917969
5378.899649	0.642530	7.067830	0.259678
5379.913666	0.623162	-50.000000	591.503906
5379.915668	0.644661	-50.000000	591.503906
5379.917667	0.642854	7.071393	0.156498
5380.985699	0.513723	-201.464844	-12.402344
5380.987702	0.645724	-201.464844	-12.402344
5380.989702	0.644063	7.084695	0.253469
5382.001737	0.394641	-47.265625	583.691406
5382.003737	0.627274	-47.265625	583.691406
5382.005736	0.644318	-47.265625	583.691406
5382.007738	0.642546	7.068007	0.183489
5383.073781	0.531654	-201.269531	-8.007812
5383.075783	0.646578	-201.269531	-8.007812
5383.077782	0.644646	7.091111	0.251495
5384.099821	0.644340	-45.019531	571.093750
5384.103820	0.641653	7.058187	0.188069
5385.159863	0.645302	-210.742187	-5.566406
5385.161864	0.644543	7.089968	0.238244
5386.194432	0.643395	-57.128906	564.843750
5386.196434	0.644385	-57.128906	564.843750
5386.198435	0.642717	7.069886	0.208868
5387.240957	0.384079	-204.882812	-5.664062
5387.242959	0.623806	-204.882812	-5.664062
5387.244959	0.644719	-204.882812	-5.664062
5387.248957	0.641670	7.058365	0.214829
5388.286980	0.305778	-55.761719	561.621094
5388.288984	0.585819	-55.761719	561.621094
5388.290984	0.645428	-55.761719	561.621094
5388.292984	0.643237	7.075602	0.221294
5389.327025	0.487412	-198.828125	-9.570312
5389.329028	0.644631	-198.828125	-9.570312
5389.331027	0.644153	7.085688	0.193184
5390.381039	0.530772	-66.894531	567.480469
5390.383041	0.646389	-66.894531	567.480469
5390.385043	0.644269	7.086954	0.232008
5391.417090	0.564534	-192.675781	-14.648437
5391.419091	0.646810	-192.675781	-14.648437
5391.421090	0.644603	7.090632	0.412700
5392.469108	0.402446	-76.660156	574.316406
5392.471111	0.630205	-76.660156	574.316406
5392.473109	0.644842	-76.660156	574.316406
5392.475111	0.643082	7.073900	0.237937
5393.509123	0.564013	-185.058594	-17.285156
5393.513125	0.643942	-185.058594	-17.285156
5393.517123	0.641646	7.058107	0.222206
5394.557127	0.415274	-67.285156	580.664062
5394.559128	0.633914	-67.285156	580.664062
5394.561128	0.644918	-67.285156	580.664062
5394.563130	0.643171	7.074884	0.249074
5395.601176	0.645536	-196.289062	-20.996094
5395.603176	0.643911	7.083020	0.230979
5396.647737	0.638810	-79.589844	583.691406
5396.649741	0.644248	-79.589844	583.691406
5396.651738	0.642552	7.068069	0.217410
5397.690666	0.351834	-188.769531	-21.289062
5397.692669	0.610376	-188.769531	-21.289062
5397.694667	0.644815	-188.769531	-21.289062
5397.696668	0.642877	7.071650	0.241048
5398.734716	0.618798	-68.164062	585.937500
5398.736717	0.644804	-68.164062	585.937500
5398.738718	0.642934	7.072279	0.215904
5399.782742	0.436329	-187.207031	-20.996094
5399.784743	0.638378	-187.207031	-20.996094
5399.786744	0.644153	-187.207031	-20.996094
5399.788743	0.642468	7.067147	0.231072
5400.826784	0.644563	-74.511719	586.523437
5400.828785	0.642890	7.071791	0.213525
5401.873384	0.454693	-190.527344	-22.460937
5401.875382	0.642376	-190.527344	-22.460937
5401.877384	0.644472	-190.527344	-22.460937
5401.879384	0.642794	7.070737	0.239020
5402.913378	0.598734	-77.734375	585.253906
5402.915379	0.645192	-77.734375	585.253906
5402.917378	0.643059	7.073652	0.207647
5403.966327	0.646237	-198.144531	-23.339844
5403.968329	0.644440	7.088842	0.219124
5405.003263	0.532778	-73.925781	584.667969
5405.005264	0.645973	-73.925781	584.667969
5405.009264	0.642321	7.065534	0.235284
5406.053351	0.586758	-184.472656	-20.605469
5406.057351	0.642839	-184.472656	-20.605469
5406.059351	0.641605	7.057656	0.226069
5407.097389	0.629247	-66.406250	580.078125
5407.099391	0.645154	-66.406250	580.078125
5407.101390	0.643408	7.077490	0.214291
5408.139442	0.488884	-191.113281	-20.117187
5408.141443	0.644655	-191.113281	-20.117187
5408.143444	0.643977	7.083746	0.215167
5409.187483	0.327349	-70.800781	577.636719
5409.189483	0.597911	-70.800781	577.636719
5409.191484	0.644728	-70.800781	577.636719
5409.193484	0.642690	7.069585	0.213596
5410.227480	0.424854	-192.285156	-19.335937
5410.229482	0.636317	-192.285156	-19.335937
5410.231481	0.644757	-192.285156	-19.335937
5410.233480	0.643058	7.073635	0.233510
5411.281543	0.639150	-63.964844	567.480469
5411.283545	0.644974	-63.964844	567.480469
5411.285546	0.642924	7.072164	0.248128
5412.315572	0.521452	-194.140625	-15.820312
5412.317573	0.645692	-194.140625	-15.820312
5412.319572	0.643783	7.081611	0.218138
5413.371616	0.635686	-63.867187	558.789062
5413.373617	0.644251	-63.867187	558.789062
5413.375618	0.642537	7.067910	0.256252
5414.405671	0.388713	-196.875000	-10.839844
5414.407673	0.625379	-196.875000	-10.839844
5414.409673	0.644440	-196.875000	-10.839844
5414.411674	0.642666	7.069328	0.227208
5415.459750	0.646531	-53.417969	550.390625
5415.461752	0.644448	7.088931	0.234520
5416.503735	0.645236	-211.230469	-8.203125
5416.507736	0.643021	7.073227	0.226801
5417.540698	0.318352	-59.570312	551.953125
5417.542700	0.593314	-59.570312	551.953125
5417.544698	0.596724	-59.570312	551.953125
5417.546698	0.643440	7.077844	0.243206
5418.599236	0.645893	-206.933594	-7.128906
5418.601238	0.644235	7.086583	0.253255
5419.627788	0.644897	-51.953125	558.984375
5419.629790	0.643526	7.078784	0.214787
5420.692318	0.436172	-201.074219	-9.570312
5420.694321	0.638979	-201.074219	-9.570312
5420.696320	0.644965	-201.074219	-9.570312
5420.698321	0.643326	7.076586	0.274694
5421.712390	0.588555	-53.125000	568.750000
5421.714391	0.645020	-53.125000	568.750000
5421.716392	0.642900	7.071898	0.598791
5422.786913	0.645791	-205.273437	-13.574219
5422.788915	0.644016	7.084181	0.283149
5423.798983	0.336135	-50.781250	575.292969
5423.800985	0.602852	-50.781250	575.292969
5423.802986	0.645113	-50.781250	575.292969
5423.804986	0.643111	7.074220	0.197842
5424.877047	0.647310	-204.296875	-17.871094
5424.879050	0.645293	-204.296875	-17.871094
5424.881049	0.643976	7.083738	0.669822
5425.891574	0.420512	-58.300781	580.566406
5425.893578	0.634744	-58.300781	580.566406
5425.895577	0.644157	-58.300781	580.566406
5425.897576	0.642448	7.066926	0.198038
5426.961662	0.344359	-191.796875	-19.433594
5426.963662	0.607045	-191.796875	-19.433594
5426.965669	0.645285	-191.796875	-19.433594
5426.967669	0.643249	7.075744	0.286269
5427.985728	0.569717	-63.476562	582.617187
5427.987733	0.645340	-63.476562	582.617187
5427.989733	0.643099	7.074087	0.214109
5429.049739	0.577114	-202.636719	-23.339844
5429.051743	0.645408	-202.636719	-23.339844
5429.053742	0.643157	7.074724	0.564172
5430.077819	0.441754	-65.136719	582.421875
5430.079823	0.639507	-65.136719	582.421875
5430.081821	0.644224	-65.136719	582.421875
5430.083822	0.642572	7.068291	0.223506
5431.135828	0.542203	-196.777344	-23.632812
5431.137829	0.646069	-196.777344	-23.632812
5431.139829	0.643959	7.083551	0.352100
5432.170403	0.369613	-72.949219	579.785156
5432.172405	0.618087	-72.949219	579.785156
5432.174405	0.644473	-72.949219	579.785156
5432.176407	0.642619	7.068805	0.239014
5433.222483	0.357434	-191.113281	-23.925781
5433.224484	0.612816	-191.113281	-23.925781
5433.226486	0.644644	-191.113281	-23.925781
5433.228485	0.642718	7.069895	0.277578
5434.264512	0.622785	-75.878906	576.171875
5434.268510	0.642792	-75.878906	576.171875
5434.270512	0.641570	7.057266	0.253476
5435.313071	0.645770	-197.949219	-24.902344
5435.315074	0.643733	7.081061	0.256660
5436.360019	0.643886	-66.699219	571.875000
5436.362018	0.642427	7.066695	0.247249
5437.400093	0.546757	-201.757812	-24.609375
5437.402093	0.643218	7.075398	0.326364
5438.446129	0.312545	-79.589844	567.578125
5438.448130	0.589853	-79.589844	567.578125
5438.452128	0.643340	-79.589844	567.578125
5438.454130	0.641974	7.061715	0.265715
5439.486659	0.413706	-197.460937	-23.632812
5439.488659	0.632855	-197.460937	-23.632812
5439.490661	0.644027	-197.460937	-23.632812
5439.492660	0.642225	7.064471	0.246874
5440.537606	0.532712	-74.218750	566.308594
5440.539608	0.646383	-74.218750	566.308594
5440.541609	0.644404	7.088443	0.282252
5441.575702	0.348112	-191.113281	-22.656250
5441.577704	0.608558	-191.113281	-22.656250
5441.579704	0.644772	-191.113281	-22.656250
5441.581704	0.642779	7.070568	0.255354
5442.627754	0.410134	-81.347656	562.890625
5442.629756	0.631770	-81.347656	562.890625
5442.631757	0.643917	-81.347656	562.890625
5442.635754	0.641068	7.051744	0.254264
5443.665726	0.272481	-192.480469	-22.656250
5443.667728	0.564082	-192.480469	-22.656250
5443.669727	0.645575	-192.480469	-22.656250
5443.671728	0.643211	7.075318	0.257323
5444.719797	0.604847	-82.128906	561.132812
5444.721799	0.644871	-82.128906	561.132812
5444.723799	0.642793	7.070719	0.261285
5445.757834	0.577345	-195.996094	-23.925781
5445.759835	0.645090	-195.996094	-23.925781
5445.761836	0.642974	7.072713	0.530689
5446.806819	0.350478	-76.562500	563.281250
5446.808820	0.360838	-76.562500	563.281250
5446.810821	0.644904	-76.562500	563.281250
5446.812820	0.643015	7.073164	0.262693
5447.845363	0.302636	-186.816406	-22.656250
5447.847365	0.583737	-186.816406	-22.656250
5447.849365	0.645117	-186.816406	-22.656250
5447.851363	0.642956	7.072518	0.261520
5448.897411	0.577276	-68.261719	566.113281
5448.899411	0.645673	-68.261719	566.113281
5448.901411	0.643427	7.077703	0.273537
5449.939455	0.460613	-200.585937	-26.562500
5449.941454	0.642300	-200.585937	-26.562500
5449.943454	0.644254	7.086795	0.268409
5450.985465	0.532649	-71.191406	567.187500
5450.987466	0.646091	-71.191406	567.187500
5450.989466	0.644067	7.084739	0.289357
5452.029495	0.538835	-185.644531	-23.828125
5452.031496	0.645789	-185.644531	-23.828125
5452.035494	0.642197	7.064170	0.279840
5453.073563	0.407788	-70.410156	568.066406
5453.075566	0.631303	-70.410156	568.066406
5453.077566	0.644153	-70.410156	568.066406
5453.079565	0.642410	7.066509	0.279213
5454.121618	0.406561	-189.355469	-25.781250
5454.123619	0.631175	-189.355469	-25.781250
5454.125618	0.632611	-189.355469	-25.781250
5454.127620	0.642586	7.068450	0.282243
5455.163657	0.645036	-75.390625	570.996094
5455.165659	0.642754	7.070293	0.483968
5456.214252	0.420265	-190.527344	-26.074219
5456.216252	0.634835	-190.527344	-26.074219
5456.218253	0.644239	-190.527344	-26.074219
5456.220253	0.642461	7.067068	0.300012
5457.248338	0.596238	-74.902344	570.703125
5457.250338	0.645045	-74.902344	570.703125
5457.252338	0.642976	7.072740	0.665821
5458.307353	0.348858	-199.414062	-26.757812
5458.309355	0.609233	-199.414062	-26.757812
5458.311356	0.645341	-199.414062	-26.757812
5458.313355	0.643335	7.076683	0.306616
5459.335908	0.644980	-66.210937	571.386719
5459.337911	0.643785	7.081637	0.234997
5460.400437	0.431249	-194.726562	-23.437500
5460.402439	0.637608	-194.726562	-23.437500
5460.404438	0.644640	-194.726562	-23.437500
5460.406438	0.642855	7.071401	0.317241
5461.422484	0.518523	-63.964844	568.945312
5461.424486	0.645606	-63.964844	568.945312
5461.426488	0.643699	7.080689	0.240840
5462.493064	0.285415	-200.097656	-22.070312
5462.495065	0.573108	-200.097656	-22.070312
5462.497064	0.577183	-200.097656	-22.070312
5462.499065	0.643688	7.080574	0.328089
5463.511105	0.542075	-58.789062	563.476562
5463.513106	0.645931	-58.789062	563.476562
5463.515106	0.643717	7.080884	0.241297
5464.583638	0.376629	-197.949219	-17.675781
5464.585638	0.620993	-197.949219	-17.675781
5464.587638	0.644806	-197.949219	-17.675781
5464.589638	0.642959	7.072554	0.337154
5465.599692	0.493373	-58.105469	555.078125
5465.601695	0.647198	-58.105469	555.078125
5465.603695	0.646496	7.111459	0.244427
5466.672231	0.477453	-208.203125	-15.136719
5466.674233	0.643699	-208.203125	-15.136719
5466.676235	0.643807	7.081876	0.320993
5467.692235	0.416637	-59.082031	543.359375
5467.694238	0.634089	-59.082031	543.359375
5467.696237	0.644537	-59.082031	543.359375
5467.700237	0.641715	7.058861	0.249220
5468.762246	0.644715	-200.878906	-11.816406
5468.764248	0.642737	-200.878906	-11.816406
5468.766247	0.641544	7.056983	0.312912
5469.788311	0.632793	-48.339844	532.714844
5469.790313	0.644232	-48.339844	532.714844
5469.792311	0.642480	7.067280	0.271854
5470.842354	0.302098	-207.617187	-10.644531
5470.844355	0.583535	-207.617187	-10.644531
5470.846353	0.645598	-207.617187	-10.644531
5470.848355	0.643478	7.078260	0.304931
5471.882364	0.479595	-57.421875	529.394531
5471.884368	0.486733	-57.421875	529.394531
5471.886368	0.644240	7.086644	0.284362
5472.928391	0.482006	-206.445312	-12.304687
5472.930394	0.643964	-206.445312	-12.304687
5472.932394	0.643759	7.081354	0.280167
5473.976976	0.483305	-66.406250	528.710937
5473.978977	0.644086	-66.406250	528.710937
5473.980977	0.643880	7.082683	0.308308
5475.015507	0.436765	-195.019531	-15.039062
5475.017510	0.638280	-195.019531	-15.039062
5475.019509	0.643961	-195.019531	-15.039062
5475.021510	0.642239	7.064631	0.271944
5476.069537	0.486112	-70.703125	534.765625
5476.071538	0.644555	-70.703125	534.765625
5476.073539	0.644068	7.084748	0.311803
5477.104105	0.454911	-194.921875	-19.238281
5477.106101	0.641786	-194.921875	-19.238281
5477.108100	0.644024	-194.921875	-19.238281
5477.110101	0.643946	7.083410	0.272054
5478.158140	0.431324	-67.187500	542.480469
5478.160142	0.637214	-67.187500	542.480469
5478.162143	0.644085	-67.187500	542.480469
5478.164140	0.642383	7.066216	0.324605
5479.192170	0.321354	-193.750000	-23.046875
5479.194171	0.594641	-193.750000	-23.046875
5479.196173	0.644909	-193.750000	-23.046875
5479.198172	0.642796	7.070755	0.297329
5480.248194	0.440698	-74.218750	546.386719
5480.250195	0.639566	-74.218750	546.386719
5480.252194	0.644634	-74.218750	546.386719
5480.254194	0.642904	7.071942	0.308392
5481.290283	0.646326	-184.960937	-22.558594
5481.292283	0.642826	7.071082	0.381632
5482.338314	0.625931	-68.750000	551.855469
5482.340316	0.644058	-68.750000	551.855469
5482.342315	0.642312	7.065437	0.297573
5483.376397	0.498646	-184.765625	-24.218750
5483.378400	0.645003	-184.765625	-24.218750
5483.380408	0.643933	7.083259	0.277086
5484.428430	0.644472	-79.394531	550.683594
5484.430431	0.643934	7.083277	0.295988
5485.467051	0.579450	-194.433594	-26.562500
5485.469054	0.584624	-194.433594	-26.562500
5485.471054	0.642910	7.072013	0.579375
