time (s)	energy (uJ)	charge (mC)	voltage (mV)	crossing#mod 255
75927.712152	-1.359964	0.010316	-0.131833	179
75928.752341	-1.414135	0.010322	-0.136997	180
75929.809841	-1.109392	0.010366	-0.107025	181
75930.841938	-1.338026	0.010354	-0.129226	182
75931.899421	-0.972891	0.010340	-0.094090	183
75932.926498	-1.632812	0.010337	-0.157962	184
75933.989288	-1.021346	0.010323	-0.098937	185
75935.020013	-1.497724	0.010361	-0.144555	186
75936.077520	-1.032247	0.010322	-0.100000	187
75937.109625	-1.471285	0.010335	-0.142363	188
75938.174039	-1.008789	0.010349	-0.097480	189
75939.197236	-1.406130	0.010341	-0.135979	190
75940.261108	-1.107469	0.010349	-0.107011	191
75941.294033	-1.488759	0.010315	-0.144330	192
75942.351491	-1.187167	0.010337	-0.114844	193
75943.384776	-1.308262	0.010338	-0.126547	194
75944.441247	-1.261180	0.010320	-0.122212	195
75945.476416	-1.304951	0.010333	-0.126287	196
75946.533702	-1.227583	0.010338	-0.118742	197
75947.569529	-1.064377	0.010337	-0.102971	198
75948.606134	-1.712417	0.010342	-0.165574	199
75949.668597	-0.823001	0.010354	-0.079490	200
75950.702385	-1.571710	0.010342	-0.151968	201
75951.756485	-0.861572	0.010344	-0.083292	202
75952.790011	-1.752277	0.010352	-0.169263	203
75953.845191	-0.894436	0.010364	-0.086305	204
75954.885390	-1.800039	0.010358	-0.173791	205
75955.933161	-0.888587	0.010316	-0.086140	206
75956.978473	-1.637888	0.010362	-0.158072	207
75958.022426	-0.788131	0.010339	-0.076226	208
75959.064019	-1.698270	0.010341	-0.164226	209
75960.113830	13.697362	0.010346	1.323988	210
75961.160850	-1.649752	0.010345	-0.159480	211
75962.201077	-0.781402	0.010355	-0.075460	212
75963.249330	-1.981372	0.010331	-0.191790	213
75964.298141	-0.859351	0.010354	-0.082997	214
75965.338321	-1.621716	0.010363	-0.156497	215
75966.386599	-0.882619	0.010338	-0.085376	216
75967.423116	-1.741571	0.010344	-0.168365	217
75968.476171	-0.825908	0.010370	-0.079646	218
75969.517644	-1.536016	0.010348	-0.148431	219
75970.564907	-0.742243	0.010365	-0.071609	220
75971.605051	-1.723945	0.010335	-0.166807	221
75972.665824	-0.811851	0.010304	-0.078793	222
75973.693808	-1.686286	0.010339	-0.163093	223
75974.751314	6.135948	0.010327	0.594160	224
75975.791540	-2.167289	0.010349	-0.209416	225
75976.841507	-0.877505	0.010351	-0.084772	226
75977.880322	-1.675017	0.010352	-0.161807	227
75978.929709	-0.802380	0.010332	-0.077663	228
75979.969041	-1.523021	0.010329	-0.147446	229
75981.021047	-0.916626	0.010341	-0.088636	230
75982.068182	-1.332314	0.010347	-0.128763	231
75983.108304	-1.015039	0.010362	-0.097961	232
75984.155507	-1.181202	0.010362	-0.113992	233
75985.195742	-1.235767	0.010358	-0.119301	234
75986.252086	-1.259386	0.010342	-0.121769	235
75987.285279	-1.323709	0.010316	-0.128316	236
75988.345971	-0.777413	0.010330	-0.075257	237
75989.373986	-1.406958	0.010359	-0.135822	238
75990.431432	-0.912356	0.010345	-0.088193	239
75991.463674	-1.252320	0.010334	-0.121181	240
75992.528644	-0.948956	0.010334	-0.091833	241
75993.551459	-1.316426	0.010333	-0.127402	242
75994.621067	-0.780019	0.010318	-0.075597	243
75995.649445	-1.142986	0.010337	-0.110571	244
75996.705770	-0.970651	0.010365	-0.093644	245
75997.737870	-1.193445	0.010362	-0.115179	246
75998.790003	-1.219413	0.010336	-0.117976	247
75999.826326	-1.066449	0.010338	-0.103155	248
76000.883830	-1.254496	0.010344	-0.121283	249
76001.924036	-0.999761	0.010360	-0.096498	250
76002.972290	-1.280909	0.010333	-0.123959	251
76004.014410	-1.120218	0.010349	-0.108241	252
76005.054448	-1.435561	0.010341	-0.138821	253
76006.111043	-1.016535	0.010333	-0.098379	254
76007.150335	-2.094685	0.010359	-0.202208	255
76008.197641	-0.602283	0.010347	-0.058211	0
76009.239597	-1.634551	0.010371	-0.157601	1
76010.289604	-0.496962	0.010346	-0.048035	2
76011.328645	-1.507605	0.010345	-0.145735	3
76012.377438	-0.526867	0.010339	-0.050958	4
76013.416818	-1.529230	0.010340	-0.147899	5
76014.461668	-0.652092	0.010327	-0.063146	6
76015.506418	-1.494424	0.010364	-0.144189	7
76016.562744	-0.759277	0.010333	-0.073480	8
76017.604064	-1.335851	0.010339	-0.129200	9
76018.654631	-1.090288	0.010344	-0.105404	10
76019.693943	-1.691565	0.010349	-0.163446	11
76020.741977	-0.678523	0.010313	-0.065791	12
76021.780956	-1.542604	0.010332	-0.149306	13
76022.830370	-0.640301	0.010317	-0.062063	14
76023.870566	-1.542279	0.010345	-0.149087	15
76024.918850	-0.611529	0.010349	-0.059089	16
76025.959041	-1.486060	0.010330	-0.143853	17
76027.015930	-0.532618	0.010354	-0.051439	18
76028.048535	-1.593053	0.010343	-0.154025	19
76029.104905	-0.582816	0.010358	-0.056268	20
76030.147440	-1.419657	0.010335	-0.137359	21
76031.189185	-0.709309	0.010295	-0.068899	22
76032.233718	-1.621604	0.010315	-0.157216	23
76033.282121	-0.515408	0.010340	-0.049847	24
76034.323684	-1.424415	0.010342	-0.137730	25
76035.371155	-0.736191	0.010345	-0.071166	26
76036.412467	-1.362609	0.010344	-0.131726	27
76037.460107	-0.781079	0.010321	-0.075678	28
76038.510966	-1.082947	0.010348	-0.104657	29
76039.550037	-0.771791	0.010348	-0.074585	30
76040.598802	-0.880859	0.010336	-0.085224	31
76041.636171	-1.089714	0.010331	-0.105475	32
76042.697027	-0.705063	0.010353	-0.068102	33
76043.729072	-0.967071	0.010356	-0.093383	34
76044.785639	-0.693299	0.010357	-0.066943	35
76045.822417	-0.913671	0.010310	-0.088621	36
76046.873947	-0.593384	0.010338	-0.057400	37
76047.914108	-1.136667	0.010367	-0.109646	38
76048.963668	-0.664810	0.010353	-0.064214	39
76050.002840	-1.108197	0.010405	-0.106504	40
76051.050168	-0.793729	0.010302	-0.077049	41
76052.087276	-1.135849	0.010334	-0.109909	42
76053.150192	-0.834939	0.010348	-0.080686	43
76054.178749	-1.000301	0.010317	-0.096953	44
76055.237496	-1.013379	0.010365	-0.097766	45
76056.277677	-0.804307	0.010342	-0.077773	46
76057.319014	-0.978935	0.010337	-0.094705	47
76058.367565	-0.645163	0.010338	-0.062407	48
76059.402538	-1.283195	0.010329	-0.124237	49
76060.463763	-0.581860	0.010329	-0.056331	50
76061.495894	-1.379618	0.010333	-0.133517	51
76062.548645	-0.548305	0.010338	-0.053037	52
76063.593543	-1.279048	0.010363	-0.123424	53
76064.641794	-0.422979	0.010369	-0.040794	54
76065.680462	-1.482315	0.010361	-0.143064	55
76066.734161	-0.226828	0.010333	-0.021951	56
76067.770761	-1.387211	0.010340	-0.134162	57
76068.823270	-0.346458	0.010338	-0.033512	58
76069.860635	-1.258083	0.010334	-0.121747	59
76070.904494	-0.402574	0.010342	-0.038927	60
76071.957489	-1.257853	0.010390	-0.121061	61
76073.006589	-0.449810	0.010361	-0.043416	62
76074.047513	-1.171660	0.010353	-0.113176	63
76075.094794	-0.442917	0.010363	-0.042742	64
76076.136158	-1.197463	0.010352	-0.115674	65
76077.184710	-0.330243	0.010329	-0.031971	66
76078.219754	-1.351765	0.010335	-0.130794	67
76079.276230	-0.090818	0.010336	-0.008787	68
76080.313014	-1.276919	0.010360	-0.123259	69
76081.361286	-0.122697	0.010337	-0.011870	70
76082.405167	-1.155308	0.010337	-0.111764	71
76083.460779	-0.394136	0.010345	-0.038100	72
76084.499430	-1.337608	0.010357	-0.129150	73
76085.547681	-0.303301	0.010346	-0.029317	74
76086.589042	-1.466151	0.010334	-0.141876	75
76087.637607	-0.283960	0.010330	-0.027489	76
76088.680521	-1.195266	0.010334	-0.115664	77
76089.727562	-0.411794	0.010350	-0.039785	78
76090.766247	-1.098114	0.010357	-0.106027	79
76091.815666	-0.379106	0.010336	-0.036679	80
76092.855807	-0.867598	0.010330	-0.083991	81
76093.903230	-0.457020	0.010334	-0.044224	82
76094.952925	-1.209506	0.010315	-0.117253	83
76095.994691	-0.584799	0.010335	-0.056586	84
76097.041707	-0.698933	0.010337	-0.067612	85
76098.081887	-0.650725	0.010344	-0.062909	86
76099.138226	-0.658158	0.010355	-0.063559	87
76100.170319	-0.748766	0.010328	-0.072496	88
76101.225808	-0.562762	0.010318	-0.054544	89
76102.268002	-0.828088	0.010346	-0.080041	90
76103.316261	-0.441712	0.010351	-0.042672	91
76104.356447	-0.772568	0.010311	-0.074926	92
76105.400848	-0.510517	0.010333	-0.049405	93
76106.447642	-0.639876	0.010339	-0.061889	94
76107.493514	-0.495823	0.010334	-0.047978	95
76108.530119	-0.635051	0.010318	-0.061550	96
76109.583362	-0.538241	0.010355	-0.051981	97
76110.634508	-0.467890	0.010351	-0.045202	98
76111.673760	-0.670156	0.010346	-0.064777	99
76112.720882	-0.377403	0.010353	-0.036453	100
76113.761094	-0.887395	0.010374	-0.085542	101
76114.810503	-0.542362	0.010327	-0.052519	102
76115.845646	-1.320502	0.010332	-0.127807	103
76116.910537	-0.123439	0.010371	-0.011902	104
76117.937453	-1.043944	0.010342	-0.100945	105
76118.997080	0.028478	0.010374	0.002745	106
76120.037080	-1.126471	0.010315	-0.109204	107
76121.085361	0.017621	0.010341	0.001704	108
76122.125831	-1.069435	0.010314	-0.103687	109
76123.174341	0.122167	0.010333	0.011824	110
76124.213674	-1.497279	0.010331	-0.144934	111
76125.263040	0.098215	0.010341	0.009497	112
76126.304623	-0.987813	0.010349	-0.095449	113
76127.351786	-0.226079	0.010356	-0.021831	114
76128.401273	-1.152988	0.010315	-0.111782	115
76129.449477	-0.188765	0.010334	-0.018267	116
76130.488541	-1.005080	0.010343	-0.097173	117
76131.536839	-0.039082	0.010357	-0.003774	118
76132.578140	-0.984166	0.010356	-0.095029	119
76133.622084	-0.038874	0.010331	-0.003763	120
76134.666563	-0.996063	0.010351	-0.096228	121
76135.715958	-0.326130	0.010369	-0.031451	122
76136.756147	-1.579073	0.010348	-0.152595	123
76137.808178	-0.204184	0.010330	-0.019765	124
76138.844892	-0.992360	0.010325	-0.096110	125
76139.897349	-0.058827	0.010332	-0.005694	126
76140.929636	-0.944105	0.010338	-0.091320	127
76141.992223	0.025428	0.010354	0.002456	128
76143.030301	-0.966414	0.010333	-0.093530	129
76144.079588	-0.035049	0.010361	-0.003383	130
76145.124032	-0.827184	0.010311	-0.080227	131
76146.171753	-0.086520	0.010342	-0.008366	132
76147.211607	-0.568948	0.010345	-0.054999	133
76148.257612	-0.278201	0.010351	-0.026876	134
76149.307053	-0.630208	0.010326	-0.061031	135
76150.347196	-0.275574	0.010335	-0.026664	136
76151.394363	-0.328662	0.010338	-0.031791	137
76152.435039	-0.265958	0.010330	-0.025746	138
76153.484442	-0.244679	0.010342	-0.023659	139
76154.532721	-0.351260	0.010336	-0.033984	140
76155.573428	-0.155103	0.010343	-0.014995	141
76156.621734	-0.431175	0.010357	-0.041629	142
76157.670008	-0.263856	0.010333	-0.025536	143
76158.710755	-0.337053	0.010349	-0.032569	144
76159.758945	-0.350959	0.010301	-0.034070	145
76160.794993	-0.219258	0.010331	-0.021224	146
76161.848918	-0.474223	0.010333	-0.045894	147
76162.892462	-0.214714	0.010335	-0.020775	148
76163.937342	-0.383312	0.010359	-0.037002	149
76164.985027	0.104389	0.010341	0.010095	150
76166.026859	-0.534468	0.010330	-0.051739	151
76167.070024	0.139122	0.010316	0.013486	152
76168.115616	-0.744987	0.010333	-0.072100	153
76169.171385	0.152583	0.010325	0.014779	154
76170.202375	-0.674537	0.010345	-0.065201	155
76171.260718	0.283388	0.010348	0.027385	156
76172.292850	-0.683670	0.010353	-0.066039	157
76173.349201	0.317949	0.010333	0.030772	158
76174.381293	-0.632952	0.010340	-0.061213	159
76175.438748	0.474470	0.010359	0.045805	160
76176.480672	-0.690012	0.010343	-0.066716	161
76177.527823	0.534057	0.010363	0.051537	162
76178.570566	-0.453097	0.010350	-0.043778	163
76179.617901	0.026451	0.010357	0.002554	164
76180.656763	-0.617727	0.010333	-0.059783	165
76181.706181	0.636726	0.010329	0.061646	166
76182.745512	-0.541093	0.010333	-0.052364	167
76183.803285	0.362881	0.010334	0.035116	168
76184.843777	-0.622480	0.010335	-0.060228	169
76185.893556	0.371811	0.010348	0.035931	170
76186.932175	-0.616482	0.010324	-0.059714	171
76187.980748	0.597263	0.010347	0.057723	172
76189.021470	-0.620297	0.010340	-0.059988	173
76190.068905	0.597956	0.010341	0.057824	174
76191.108804	-0.622357	0.010358	-0.060083	175
76192.166528	0.465159	0.010332	0.045021	176
76193.198618	-0.531398	0.010329	-0.051447	177
76194.256437	0.491513	0.010329	0.047584	178
76195.286872	-0.487296	0.010332	-0.047165	179
76196.340342	0.516958	0.010337	0.050010	180
76197.377264	-0.190735	0.010335	-0.018455	181
76198.433925	0.477685	0.010342	0.046191	182
76199.475423	-0.316880	0.010317	-0.030714	183
76200.523506	0.438380	0.010310	0.042519	184
76201.566622	-0.108000	0.010332	-0.010453	185
