time (s)	coil I (A)	last det (V)	int current (uC)
5551.045263	0.326387	-16.406250	452.148437
5551.047266	0.628010	-16.406250	452.148437
5551.049265	0.791300	-16.406250	452.148437
5551.051264	0.790663	8.697289	-0.008348
5552.089275	0.563391	-121.679687	10.449219
5552.091277	0.780331	-121.679687	10.449219
5552.093277	0.790241	-121.679687	10.449219
5552.095277	0.788258	8.670843	0.144768
5553.133278	0.493930	-14.062500	442.285156
5553.137277	0.792130	-14.062500	442.285156
5553.139278	0.789705	-14.062500	442.285156
5553.141277	0.788253	8.670781	-0.017477
5554.185334	0.553866	-123.925781	11.035156
5554.187336	0.778202	-123.925781	11.035156
5554.189335	0.791126	-123.925781	11.035156
5554.191336	0.789005	8.679059	0.109807
5555.221420	0.770788	-10.644531	437.988281
5555.223422	0.791528	-10.644531	437.988281
5555.227421	0.788018	8.668193	-0.026364
5556.277432	0.562447	-126.562500	10.156250
5556.279435	0.780199	-126.562500	10.156250
5556.281434	0.790375	-126.562500	10.156250
5556.283435	0.788417	8.672589	0.169698
5557.305487	0.557979	-9.570312	441.601562
5557.307488	0.778762	-9.570312	441.601562
5557.309489	0.790246	-9.570312	441.601562
5557.311490	0.788239	8.670631	0.123947
5558.369580	0.351130	-131.347656	8.203125
5558.371583	0.651021	-131.347656	8.203125
5558.373583	0.792835	-131.347656	8.203125
5558.375584	0.790911	8.700018	-0.001786
5559.397633	0.715252	-11.230469	446.875000
5559.399636	0.791641	-11.230469	446.875000
5559.401636	0.788918	8.678102	-0.031774
5560.463663	0.720127	-128.027344	7.812500
5560.465665	0.791986	-128.027344	7.812500
5560.467665	0.789250	8.681753	0.000974
5561.481719	0.382284	-12.500000	453.027344
5561.483720	0.678288	-12.500000	453.027344
5561.485719	0.793283	-12.500000	453.027344
5561.487721	0.790566	8.696225	-0.028165
5562.553765	0.522894	-127.148437	7.519531
5562.555767	0.767035	-127.148437	7.519531
5562.557765	0.790976	-127.148437	7.519531
5562.559766	0.788801	8.676807	-0.005692
5563.571808	0.398525	-15.332031	462.500000
5563.573810	0.692011	-15.332031	462.500000
5563.575811	0.795822	-15.332031	462.500000
5563.577812	0.793138	8.724514	-0.030606
5564.645875	0.682779	-125.390625	5.371094
5564.647877	0.792536	-125.390625	5.371094
5564.649876	0.789867	8.688541	-0.008167
5565.663943	0.489807	-19.628906	464.257812
5565.665944	0.751784	-19.628906	464.257812
5565.669944	0.789217	-19.628906	464.257812
5565.673944	0.786711	8.653819	-0.031786
5566.733956	0.556293	-125.976562	4.492187
5566.735958	0.778352	-125.976562	4.492187
5566.737958	0.790341	-125.976562	4.492187
5566.739960	0.788262	8.670878	-0.006958
5567.756015	0.571764	-23.046875	468.554687
5567.758016	0.782583	-23.046875	468.554687
5567.760018	0.790471	-23.046875	468.554687
5567.762016	0.788485	8.673333	0.190328
5568.824063	0.651715	-127.343750	2.929687
5568.826067	0.791729	-127.343750	2.929687
5568.828065	0.789759	8.687345	-0.000643
5569.846602	0.509666	-25.488281	480.371094
5569.848602	0.761498	-25.488281	480.371094
5569.850604	0.791497	-25.488281	480.371094
5569.852604	0.789187	8.681052	-0.028597
5570.913555	0.579331	-125.781250	2.636719
5570.917555	0.790334	-125.781250	2.636719
5570.919557	0.788339	-125.781250	2.636719
5570.921558	0.788286	8.671145	-0.007266
5571.936091	0.435990	-26.953125	485.449219
5571.938092	0.719064	-26.953125	485.449219
5571.940093	0.791692	-26.953125	485.449219
5571.942092	0.789017	8.679192	-0.026361
5573.001016	0.427857	-123.339844	3.027344
5573.003017	0.713343	-123.339844	3.027344
5573.005016	0.791534	-123.339844	3.027344
5573.007016	0.788807	8.676879	-0.015880
5574.031065	0.757891	-27.148437	484.570312
5574.033067	0.792073	-27.148437	484.570312
5574.035067	0.789646	8.686105	-0.027546
5575.091625	0.674578	-123.046875	4.003906
5575.093626	0.792524	-123.046875	4.003906
5575.095626	0.789956	8.689516	-0.014000
5576.119650	0.666038	-26.562500	471.289062
5576.121653	0.792632	-26.562500	471.289062
5576.123652	0.790170	8.691865	-0.025859
5577.181627	0.675904	-122.753906	3.906250
5577.183628	0.793084	-122.753906	3.906250
5577.185628	0.790486	8.695348	0.797383
5578.207650	0.370609	-27.832031	490.820312
5578.209651	0.668299	-27.832031	490.820312
5578.213650	0.791019	-27.832031	490.820312
5578.215652	0.789191	8.681106	-0.014968
5579.272619	0.675218	-126.269531	3.125000
5579.274620	0.792296	-126.269531	3.125000
5579.276619	0.789750	8.687248	-0.005339
5580.296648	0.454332	-26.269531	477.539062
5580.298648	0.731250	-26.269531	477.539062
5580.300648	0.791563	-26.269531	477.539062
5580.302651	0.789040	8.679440	-0.024423
5581.362703	0.536974	-130.175781	1.855469
5581.364706	0.772260	-130.175781	1.855469
5581.366706	0.790775	-130.175781	1.855469
5581.368706	0.788685	8.675531	0.009518
5582.387250	0.469075	-27.148437	483.105469
5582.389251	0.739959	-27.148437	483.105469
5582.391249	0.790924	-27.148437	483.105469
5582.395249	0.786998	8.656974	-0.021124
5583.453302	0.476998	-132.324219	1.855469
5583.455304	0.744685	-132.324219	1.855469
5583.457307	0.791285	-132.324219	1.855469
5583.459304	0.788780	8.676577	-0.009372
5584.477311	0.557488	-25.390625	473.242187
5584.479314	0.779153	-25.390625	473.242187
5584.481313	0.790918	-25.390625	473.242187
5584.483315	0.788822	8.677047	0.117124
5585.545350	0.634406	-131.640625	2.929687
5585.547351	0.791159	-131.640625	2.929687
5585.549353	0.790034	8.690376	-0.002897
5586.565898	0.501499	-23.046875	475.000000
5586.567899	0.757335	-23.046875	475.000000
5586.569898	0.790860	-23.046875	475.000000
5586.571899	0.788571	8.674282	-0.035803
5587.637972	0.708915	-133.886719	3.320312
5587.639972	0.791644	-133.886719	3.320312
5587.641973	0.788924	8.678164	-0.006395
5588.654961	0.440534	-20.800781	482.617187
5588.656965	0.722093	-20.800781	482.617187
5588.658964	0.791292	-20.800781	482.617187
5588.660965	0.788693	8.675620	-0.029720
5589.727051	0.434499	-137.207031	4.394531
5589.729053	0.717879	-137.207031	4.394531
5589.731054	0.791186	-137.207031	4.394531
5589.733052	0.788573	8.674300	-0.005621
5590.745119	0.465911	-18.457031	487.792969
5590.747121	0.738112	-18.457031	487.792969
5590.749121	0.790934	-18.457031	487.792969
5590.751121	0.788434	8.672775	-0.037127
5591.815686	0.385404	-137.207031	6.347656
5591.817686	0.680729	-137.207031	6.347656
5591.819686	0.792558	-137.207031	6.347656
5591.821689	0.789875	8.688622	0.000529
5592.836225	0.480453	-15.820312	471.484375
5592.838228	0.746408	-15.820312	471.484375
5592.840228	0.790854	-15.820312	471.484375
5592.842228	0.788488	8.673369	-0.033025
5593.904256	0.405034	-134.082031	9.375000
5593.906258	0.696815	-134.082031	9.375000
5593.908258	0.793481	-134.082031	9.375000
5593.910258	0.790730	8.698033	-0.003556
5594.926279	0.253717	-15.136719	469.238281
5594.928279	0.558750	-15.136719	469.238281
5594.930278	0.780184	-15.136719	469.238281
5594.932279	0.792021	-15.136719	469.238281
5594.934279	0.789853	8.688382	-0.030175
5595.992324	0.344681	-140.332031	8.789062
5595.994326	0.644945	-140.332031	8.789062
5595.996329	0.792023	-140.332031	8.789062
5595.998330	0.790313	8.693442	-0.002076
5597.020335	0.410374	-15.917969	480.078125
5597.022336	0.700524	-15.917969	480.078125
5597.024337	0.791880	-15.917969	480.078125
5597.026337	0.789134	8.680477	-0.020739
5598.080383	0.594752	-137.304687	10.351562
5598.082386	0.786637	-137.304687	10.351562
5598.084385	0.789791	-137.304687	10.351562
5598.088383	0.786480	8.651276	-0.000954
5599.114985	0.419232	-16.503906	487.304687
5599.116986	0.707307	-16.503906	487.304687
5599.118986	0.792368	-16.503906	487.304687
5599.120987	0.789648	8.686131	-0.016690
5600.165017	0.407143	-130.175781	12.500000
5600.167018	0.698093	-130.175781	12.500000
5600.169019	0.792381	-130.175781	12.500000
5600.171018	0.789641	8.686051	-0.011392
5601.206535	2.651296	-20.507812	494.726562
5601.213896	0.790726	-20.507812	494.726562
5601.215898	0.788669	8.675364	-0.005504
5602.252451	0.408868	-129.199219	12.402344
5602.254453	0.699515	-129.199219	12.402344
5602.256459	0.792457	-129.199219	12.402344
5602.258459	0.789715	8.686866	-0.011922
5603.300527	0.332397	-24.023437	491.992187
5603.302531	0.633428	-24.023437	491.992187
5603.304531	0.790663	-24.023437	491.992187
5603.306530	0.789602	8.685626	-0.014819
5604.342583	0.720851	-126.855469	10.449219
5604.344585	0.791276	-126.855469	10.449219
5604.346585	0.788584	8.674424	-0.016784
5605.392596	0.417207	-26.660156	502.441406
5605.394597	0.705809	-26.660156	502.441406
5605.396598	0.792466	-26.660156	502.441406
5605.400596	0.788064	8.668707	-0.001539
5606.428671	0.304267	-126.757812	8.886719
5606.430679	0.606707	-126.757812	8.886719
5606.434676	0.790820	-126.757812	8.886719
5606.436678	0.788943	-126.757812	8.886719
5606.438677	0.787742	8.665163	-0.025582
5607.482714	0.435504	-29.492187	503.027344
5607.484714	0.718608	-29.492187	503.027344
5607.486714	0.791446	-29.492187	503.027344
5607.488716	0.788768	8.676445	-0.005331
5608.518839	0.410533	-124.218750	8.007812
5608.520842	0.700640	-124.218750	8.007812
5608.522841	0.792234	-124.218750	8.007812
5608.524841	0.789444	8.683889	-0.025234
5609.572851	0.458505	-31.835937	512.695312
5609.574854	0.733829	-31.835937	512.695312
5609.576854	0.791521	-31.835937	512.695312
5609.578853	0.788962	8.678580	-0.000477
5610.608363	1.629688	-125.878906	6.054687
5610.613711	0.734874	-125.878906	6.054687
5610.615718	0.791195	-125.878906	6.054687
5610.617714	0.788674	8.675417	-0.023751
5611.662267	0.448648	-32.519531	509.960937
5611.666269	0.791501	-32.519531	509.960937
5611.668269	0.788780	-32.519531	509.960937
5611.670270	0.787273	8.660005	-0.006462
5612.702302	0.627845	-127.246094	4.687500
5612.704304	0.790434	-127.246094	4.687500
5612.708302	0.788012	8.668132	-0.025179
5613.752850	0.616559	-34.960937	528.222656
5613.754853	0.789477	-34.960937	528.222656
5613.756851	0.789784	8.687629	-0.010358
5614.792851	0.481358	-122.167969	6.445312
5614.794851	0.746875	-122.167969	6.445312
5614.796854	0.790789	-122.167969	6.445312
5614.798855	0.788425	8.672678	-0.028168
5615.841329	0.389195	-33.593750	512.597656
5615.843330	0.683920	-33.593750	512.597656
5615.845329	0.792865	-33.593750	512.597656
5615.847330	0.790161	8.691767	-0.004896
5616.881359	0.336411	-127.050781	5.859375
5616.883360	0.637165	-127.050781	5.859375
5616.887358	0.789632	-127.050781	5.859375
5616.889362	0.787857	8.666430	-0.022861
5617.933381	0.471085	-33.789062	514.746094
5617.935384	0.741047	-33.789062	514.746094
5617.937384	0.744197	-33.789062	514.746094
5617.939382	0.788283	8.671109	-0.004483
5618.973411	0.757034	-127.343750	5.371094
5618.975414	0.790339	-127.343750	5.371094
5618.977413	0.788089	8.668982	-0.020520
5620.023988	0.487594	-33.398437	520.214844
5620.025989	0.750276	-33.398437	520.214844
5620.027991	0.753836	-33.398437	520.214844
5620.029989	0.788478	8.673263	-0.002329
5621.062041	0.598193	-129.394531	6.933594
5621.064044	0.787778	-129.394531	6.933594
5621.066042	0.790416	-129.394531	6.933594
5621.068043	0.788511	8.673617	0.340452
5622.112959	0.252571	-32.324219	519.628906
5622.114961	0.557579	-32.324219	519.628906
5622.116960	0.778367	-32.324219	519.628906
5622.118961	0.789767	-32.324219	519.628906
5622.120961	0.787827	8.666093	0.001852
5623.153004	0.766510	-126.269531	10.058594
5623.155006	0.790405	-126.269531	10.058594
5623.157010	0.788321	8.671526	-0.022173
5624.203055	0.269442	-30.175781	519.335937
5624.205055	0.573506	-30.175781	519.335937
5624.207056	0.782742	-30.175781	519.335937
5624.209055	0.790132	-30.175781	519.335937
5624.211057	0.788159	8.669744	-0.004214
5625.241072	0.459870	-133.691406	9.570312
5625.243073	0.734535	-133.691406	9.570312
5625.245074	0.791307	-133.691406	9.570312
5625.247075	0.788721	8.675931	-0.024803
5626.293080	0.435953	-27.246094	513.085937
5626.295082	0.718835	-27.246094	513.085937
5626.297083	0.791115	-27.246094	513.085937
5626.299083	0.788557	8.674122	-0.006815
5627.333128	0.462934	-130.957031	13.281250
5627.335131	0.736263	-130.957031	13.281250
5627.337134	0.791019	-130.957031	13.281250
5627.339130	0.788523	8.673750	-0.017623
5628.381196	0.386007	-25.097656	522.070312
5628.383196	0.681213	-25.097656	522.070312
5628.387194	0.790448	-25.097656	522.070312
5628.389199	0.788754	8.676294	-0.008970
5629.427190	0.684339	-139.453125	12.304687
5629.429190	0.792001	-139.453125	12.304687
5629.431190	0.789304	8.682346	-0.003449
5630.469750	0.749263	-22.753906	518.164062
5630.471758	0.791642	-22.753906	518.164062
5630.473756	0.789187	8.681062	-0.017099
5631.520722	0.680154	-143.554687	11.621094
5631.522724	0.792109	-143.554687	11.621094
5631.524722	0.789451	8.683960	-0.003376
5632.555259	0.499148	-21.484375	517.382812
5632.557260	0.755965	-21.484375	517.382812
5632.559260	0.790444	-21.484375	517.382812
5632.561260	0.788192	8.670108	-0.020925
5633.613312	0.615733	-147.949219	10.546875
5633.615314	0.789646	-147.949219	10.546875
5633.617314	0.790026	8.690288	-0.002442
5634.642290	0.593679	-20.214844	509.179687
5634.644292	0.786503	-20.214844	509.179687
5634.646294	0.789793	-20.214844	509.179687
5634.648294	0.787881	8.666687	-0.020509
5635.708349	0.771431	-148.535156	9.863281
5635.710350	0.790688	-148.535156	9.863281
5635.712354	0.788507	8.673573	0.010126
5636.728388	0.314260	-19.824219	506.054687
5636.730389	0.616300	-19.824219	506.054687
5636.734389	0.790646	-19.824219	506.054687
5636.736391	0.788729	8.676019	-0.035868
5637.798395	0.537426	-144.238281	9.863281
5637.800398	0.772124	-144.238281	9.863281
5637.802399	0.790267	-144.238281	9.863281
5637.804399	0.788146	8.669611	0.036722
5638.820432	0.778373	-21.289062	525.195312
5638.822434	0.790286	-21.289062	525.195312
5638.824435	0.788221	8.670427	0.112910
5639.888419	1.379341	-145.117187	8.398437
5639.890421	0.684324	-145.117187	8.398437
5639.892421	0.792745	-145.117187	8.398437
5639.894422	0.790086	8.690943	0.003099
5640.906518	0.347244	-23.828125	522.070312
5640.908520	0.647236	-23.828125	522.070312
5640.910520	0.792002	-23.828125	522.070312
5640.912527	0.790220	8.692423	-0.030525
5641.980574	0.484808	-147.753906	7.324219
5641.982576	0.748838	-147.753906	7.324219
5641.984576	0.791171	-147.753906	7.324219
5641.986575	0.788782	8.676604	0.010794
5642.997176	0.372001	-25.390625	519.140625
5642.999177	0.669127	-25.390625	519.140625
5643.001177	0.791333	-25.390625	519.140625
5643.003178	0.788910	8.678013	-0.026483
5644.069224	0.439057	-145.214844	7.031250
5644.071227	0.721074	-145.214844	7.031250
5644.073227	0.791625	-145.214844	7.031250
5644.075226	0.788955	8.678500	0.004927
5645.087272	0.390344	-27.832031	524.609375
5645.089273	0.684559	-27.832031	524.609375
5645.091274	0.792208	-27.832031	524.609375
5645.093274	0.789577	8.685351	-0.027915
5646.161300	0.671605	-143.847656	6.640625
5646.163301	0.792533	-143.847656	6.640625
5646.165305	0.789961	8.689569	0.002222
5647.179354	0.551447	-29.296875	531.933594
5647.183354	0.790291	-29.296875	531.933594
5647.185356	0.788146	-29.296875	531.933594
5647.187356	0.786857	8.655423	-0.022801
5648.249912	0.469506	-145.996094	4.882812
5648.251912	0.740211	-145.996094	4.882812
5648.253912	0.791080	-145.996094	4.882812
5648.255913	0.788559	8.674150	0.005283
5649.267955	0.342532	-30.761719	534.082031
5649.269958	0.642808	-30.761719	534.082031
5649.271958	0.790721	-30.761719	534.082031
5649.273958	0.789159	8.680752	-0.024953
5650.340459	0.552238	-147.363281	4.785156
5650.342461	0.776918	-147.363281	4.785156
5650.344462	0.790057	-147.363281	4.785156
5650.348461	0.786695	8.653650	0.122641
5651.360513	0.759085	-31.152344	533.691406
5651.362513	0.790664	-31.152344	533.691406
5651.364513	0.788408	8.672492	-0.022028
5652.431065	0.709746	-144.824219	5.273437
5652.435065	0.788838	-144.824219	5.273437
5652.437067	0.787278	8.660058	0.006229
5653.449117	0.523257	-30.761719	533.105469
5653.451119	0.766730	-30.761719	533.105469
5653.453120	0.790418	-30.761719	533.105469
5653.455120	0.788264	8.670906	-0.022584
5654.523684	0.785607	-146.679687	5.761719
5654.525685	0.789921	-146.679687	5.761719
5654.527684	0.788076	8.668832	0.313821
5655.537748	0.397777	-29.296875	525.488281
5655.539749	0.691477	-29.296875	525.488281
5655.541748	0.796748	-29.296875	525.488281
5655.543750	0.794273	8.737000	-0.026119
5656.609782	0.304298	-149.218750	6.152344
5656.611785	0.606711	-149.218750	6.152344
5656.613785	0.788087	-149.218750	6.152344
5656.615787	0.789398	8.683383	0.009288
5657.629818	0.700377	-27.832031	534.082031
5657.631828	0.792109	-27.832031	534.082031
5657.633824	0.789366	8.683029	-0.026299
5658.700362	0.316585	-151.464844	6.445312
5658.702366	0.618462	-151.464844	6.445312
5658.704365	0.790703	-151.464844	6.445312
5658.706365	0.790837	8.699211	0.013244
5659.718386	0.496781	-26.562500	539.648437
5659.720386	0.754862	-26.562500	539.648437
5659.722387	0.790624	-26.562500	539.648437
5659.724386	0.788416	8.672581	-0.032110
5660.790915	0.403009	-154.394531	7.421875
5660.792917	0.694807	-154.394531	7.421875
5660.794918	0.792328	-154.394531	7.421875
5660.798916	0.787904	8.666945	0.012029
5661.814971	0.787799	-25.195312	524.902344
5661.816973	0.786528	-25.195312	524.902344
5661.818973	0.785549	8.641040	0.259791
5662.883008	0.754002	-156.542969	8.203125
5662.885011	0.791287	-156.542969	8.203125
5662.887011	0.789008	8.679086	0.005147
5663.901606	0.673109	-24.023437	524.707031
5663.903607	0.793041	-24.023437	524.707031
5663.907606	0.788845	8.677295	-0.028504
5664.969695	0.532283	-157.421875	9.277344
5664.971697	0.770033	-157.421875	9.277344
5664.973695	0.790031	-157.421875	9.277344
5664.975697	0.787937	8.667308	0.011174
5665.994264	0.740689	-25.097656	541.015625
5665.998263	0.788346	-25.097656	541.015625
5666.000263	0.786963	8.656593	-0.025341
5667.056871	0.419119	-152.343750	11.132812
5667.058873	0.706923	-152.343750	11.132812
5667.060872	0.791753	-152.343750	11.132812
5667.062874	0.789056	8.679617	0.010692
5668.086966	0.753412	-24.609375	541.015625
5668.088967	0.790538	-24.609375	541.015625
5668.090968	0.788178	8.669957	-0.014743
5669.143531	0.533598	-152.050781	12.304687
5669.145532	0.770710	-152.050781	12.304687
5669.147531	0.790269	-152.050781	12.304687
5669.149532	0.788128	8.669408	0.022627
5670.177587	0.352372	-26.074219	540.625000
5670.179589	0.651812	-26.074219	540.625000
5670.181591	0.791379	-26.074219	540.625000
5670.183590	0.789409	8.683498	-0.011932
5671.229578	0.405236	-149.218750	13.867187
5671.231579	0.419722	-149.218750	13.867187
5671.233580	0.792817	-149.218750	13.867187
5671.235579	0.789967	8.689640	0.000974
5672.273653	0.650068	-29.785156	551.074219
5672.277655	0.789383	-29.785156	551.074219
5672.281655	0.786437	8.650805	-0.005871
5673.318597	0.490002	-150.000000	12.402344
5673.320600	0.751463	-150.000000	12.402344
5673.322598	0.790850	-150.000000	12.402344
5673.324599	0.788507	8.673573	-0.007166
5674.365546	0.630602	-33.105469	559.570312
5674.367548	0.790472	-33.105469	559.570312
5674.369549	0.789610	8.685715	-0.007346
5675.407571	0.645660	-148.144531	11.914062
5675.409574	0.791260	-148.144531	11.914062
5675.411574	0.789561	8.685174	-0.012572
5676.456116	0.333741	-35.742187	561.328125
5676.458119	0.634672	-35.742187	561.328125
5676.460119	0.792083	-35.742187	561.328125
5676.462119	0.790986	8.700851	0.000239
5677.494691	1.509750	-145.507812	10.839844
5677.496692	0.726792	-145.507812	10.839844
5677.498693	0.791091	-145.507812	10.839844
5677.500692	0.788501	8.673512	-0.011522
5678.547203	0.423146	-39.160156	569.824219
5678.549206	0.709701	-39.160156	569.824219
5678.551205	0.791008	-39.160156	569.824219
5678.553205	0.788320	8.671516	0.000890
5679.583279	0.312683	-146.191406	9.179687
5679.585282	0.614660	-146.191406	9.179687
5679.587282	0.789647	-146.191406	9.179687
5679.589282	0.790158	8.691741	-0.024013
5680.637310	0.364402	-38.964844	560.058594
5680.639312	0.662591	-38.964844	560.058594
5680.641310	0.792660	-38.964844	560.058594
5680.643312	0.790338	8.693717	0.009042
5681.675334	0.394428	-143.554687	7.812500
5681.677335	0.688594	-143.554687	7.812500
5681.679333	0.796080	-143.554687	7.812500
5681.681336	0.793510	8.728607	-0.016952
5682.725929	0.390680	-41.796875	572.363281
5682.727931	0.684883	-41.796875	572.363281
5682.729931	0.792466	-41.796875	572.363281
5682.731930	0.789805	8.687850	-0.000926
5683.764935	0.415222	-145.312500	7.031250
5683.766936	0.704100	-145.312500	7.031250
5683.768935	0.791928	-145.312500	7.031250
5683.770937	0.789191	8.681097	-0.022674
5684.815866	0.383817	-41.796875	566.699219
5684.817868	0.679276	-41.796875	566.699219
5684.819869	0.792569	-41.796875	566.699219
5684.821868	0.789929	8.689224	0.009475
5685.855914	0.411229	-142.871094	6.738281
5685.857917	0.701122	-142.871094	6.738281
5685.859916	0.792026	-142.871094	6.738281
5685.861916	0.789303	8.682338	-0.016813
5686.905962	0.401194	-41.894531	564.062500
5686.907962	0.693440	-41.894531	564.062500
5686.909963	0.792957	-41.894531	564.062500
5686.911962	0.790165	8.691820	0.004715
5687.945998	0.578884	-144.238281	6.933594
5687.948001	0.783096	-144.238281	6.933594
5687.950002	0.789141	-144.238281	6.933594
5687.951999	0.789042	8.679466	-0.017078
5688.998552	0.559665	-44.531250	577.734375
5689.000552	0.779110	-44.531250	577.734375
5689.002552	0.790184	-44.531250	577.734375
5689.004553	0.788183	8.670010	0.163764
5690.036538	0.660947	-145.703125	6.640625
5690.038541	0.792217	-145.703125	6.640625
5690.040540	0.789911	8.689020	-0.022043
5691.087047	0.253365	-42.285156	573.144531
5691.091046	0.779404	-42.285156	573.144531
5691.093050	0.790937	-42.285156	573.144531
5691.095047	0.788846	8.677304	0.010025
5692.125109	0.524910	-144.238281	8.007812
5692.127110	0.767356	-144.238281	8.007812
5692.129110	0.790400	-144.238281	8.007812
5692.131111	0.788190	8.670090	-0.020430
5693.177117	0.267237	-42.675781	572.265625
5693.181126	0.782388	-42.675781	572.265625
5693.183126	0.789890	-42.675781	572.265625
5693.185125	0.787974	8.667715	0.010118
5694.217200	0.773197	-145.605469	9.960937
5694.219202	0.790151	-145.605469	9.960937
5694.221202	0.788171	8.669887	0.037065
5695.269734	0.665592	-40.722656	573.144531
5695.271737	0.794058	-40.722656	573.144531
5695.273737	0.791795	8.709749	0.013222
5696.305765	0.549711	-148.144531	11.132812
5696.307767	0.568784	-148.144531	11.132812
5696.309766	0.790334	-148.144531	11.132812
5696.311767	0.790215	8.692369	0.079260
5697.357799	0.378785	-38.964844	573.046875
5697.359801	0.674997	-38.964844	573.046875
5697.361800	0.792618	-38.964844	573.046875
5697.363801	0.790055	8.690606	0.009152
5698.395826	0.330146	-152.734375	11.816406
5698.397830	0.631206	-152.734375	11.816406
5698.399833	0.791169	-152.734375	11.816406
5698.401835	0.790257	8.692831	-0.004491
5699.446354	1.234020	-37.500000	574.218750
5699.450354	0.790232	-37.500000	574.218750
5699.452354	0.790241	-37.500000	574.218750
5699.454354	0.788413	8.672544	0.001028
5700.488386	0.412069	-157.714844	12.792969
5700.490387	0.701680	-157.714844	12.792969
5700.492389	0.791940	-157.714844	12.792969
5700.494388	0.789135	8.680486	-0.001714
5701.533308	0.323257	-34.082031	567.578125
5701.535310	0.624718	-34.082031	567.578125
5701.537310	0.790037	-34.082031	567.578125
5701.539309	0.789592	8.685511	0.004442
5702.581336	0.474058	-162.109375	11.523437
5702.583340	0.742868	-162.109375	11.523437
5702.585338	0.791115	-162.109375	11.523437
5702.587340	0.788637	8.675009	-0.001465
5703.622256	0.629773	-32.421875	569.628906
5703.624258	0.790221	-32.421875	569.628906
5703.626257	0.789421	8.683632	-0.005889
5704.674832	0.462848	-160.253906	12.402344
5704.676833	0.736299	-160.253906	12.402344
5704.678833	0.791223	-160.253906	12.402344
5704.680835	0.788653	8.675186	0.016938
5705.708851	0.583294	-30.175781	559.765625
5705.710853	0.785108	-30.175781	559.765625
5705.712853	0.790373	-30.175781	559.765625
5705.714852	0.788470	8.673174	0.268493
5706.768900	0.684136	-167.871094	10.644531
5706.770900	0.792190	-167.871094	10.644531
5706.772900	0.789452	8.683977	0.006178
5707.795866	0.445801	-30.859375	567.187500
5707.797868	0.456680	-30.859375	567.187500
5707.799868	0.791007	-30.859375	567.187500
5707.803871	0.786903	8.655937	-0.015775
5708.859919	0.385769	-168.554687	9.667969
5708.861922	0.680814	-168.554687	9.667969
5708.863922	0.792536	-168.554687	9.667969
5708.865921	0.789868	8.688551	0.015213
5709.882910	0.388234	-31.152344	577.246094
5709.886911	0.792508	-31.152344	577.246094
5709.888912	0.789809	-31.152344	577.246094
5709.892911	0.787081	8.657896	-0.020297
5710.950904	0.303291	-164.746094	10.449219
5710.952908	0.605640	-164.746094	10.449219
5710.954910	0.787777	-164.746094	10.449219
5710.956909	0.789208	8.681292	0.014445
5711.970924	0.239986	-32.519531	576.269531
5711.972926	0.546014	-32.519531	576.269531
5711.974924	0.774669	-32.519531	576.269531
5711.976925	0.789730	-32.519531	576.269531
5711.978926	0.787727	8.664994	-0.020794
5713.043873	0.521560	-166.894531	8.496094
5713.045874	0.765991	-166.894531	8.496094
5713.049873	0.788301	-166.894531	8.496094
5713.051874	0.786937	8.656309	0.019464
5714.059917	0.244156	-32.617187	566.699219
5714.061918	0.549926	-32.617187	566.699219
5714.063919	0.776413	-32.617187	566.699219
5714.065921	0.790420	-32.617187	566.699219
5714.067919	0.788395	8.672350	-0.025248
5715.133988	0.388998	-171.191406	7.031250
5715.135989	0.683592	-171.191406	7.031250
5715.137990	0.792819	-171.191406	7.031250
5715.139989	0.790130	8.691431	0.017996
5716.150011	0.341962	-33.007812	577.832031
5716.152013	0.642278	-33.007812	577.832031
5716.154011	0.791168	-33.007812	577.832031
5716.156013	0.789605	8.685653	-0.017285
5717.224524	0.547800	-170.410156	7.519531
5717.226528	0.775608	-170.410156	7.519531
5717.228533	0.790253	-170.410156	7.519531
5717.230534	0.788159	8.669744	0.098826
5718.242569	0.652994	-35.156250	580.078125
5718.244569	0.792629	-35.156250	580.078125
5718.246569	0.790630	8.696925	-0.022687
5719.315092	1.390148	-165.527344	8.691406
5719.321092	0.790066	-165.527344	8.691406
5719.323094	0.788398	-165.527344	8.691406
5719.325094	0.787322	8.660545	0.026216
5720.331135	0.517988	-34.960937	575.781250
5720.333137	0.764493	-34.960937	575.781250
5720.335138	0.790327	-34.960937	575.781250
5720.337137	0.788213	8.670339	-0.013634
5721.405133	0.415119	-168.359375	8.496094
5721.407135	0.704121	-168.359375	8.496094
5721.409135	0.792623	-168.359375	8.496094
5721.411134	0.789831	8.688143	0.025127
5722.423241	0.734693	-35.449219	577.246094
5722.425245	0.791068	-35.449219	577.246094
5722.427243	0.788569	8.674264	-0.016319
5723.495271	0.512684	-167.187500	9.375000
5723.497270	0.762053	-167.187500	9.375000
5723.499273	0.790251	-167.187500	9.375000
5723.501272	0.788051	8.668566	0.024003
5724.513309	0.741843	-34.570312	578.515625
5724.517310	0.788499	-34.570312	578.515625
5724.519312	0.786990	8.656885	-0.016745
5725.585344	0.452217	-168.750000	9.570312
5725.587345	0.729522	-168.750000	9.570312
5725.589348	0.790812	-168.750000	9.570312
5725.591348	0.788289	8.671181	0.026595
5726.601355	0.481018	-34.570312	572.949219
5726.603358	0.746376	-34.570312	572.949219
5726.605357	0.790341	-34.570312	572.949219
5726.607359	0.788035	8.668388	-0.022702
5727.675386	0.461413	-170.117187	9.179687
5727.677389	0.735263	-170.117187	9.179687
5727.679388	0.790873	-170.117187	9.179687
5727.681391	0.788396	8.672359	0.024945
5728.691404	0.415626	-34.375000	580.175781
5728.693404	0.704193	-34.375000	580.175781
5728.695406	0.791545	-34.375000	580.175781
5728.697404	0.788824	8.677065	-0.015523
5729.765425	0.469755	-169.335937	10.156250
5729.767427	0.740255	-169.335937	10.156250
5729.769429	0.790775	-169.335937	10.156250
5729.771428	0.788303	8.671330	0.025954
5730.783509	0.579430	-33.398437	579.394531
5730.785512	0.784738	-33.398437	579.394531
5730.787511	0.791030	-33.398437	579.394531
5730.789511	0.789007	8.679076	0.245609
5731.853520	0.337759	-173.437500	10.058594
5731.855522	0.638450	-173.437500	10.058594
5731.857522	0.791511	-173.437500	10.058594
5731.859521	0.790145	8.691590	0.025482
5732.873590	0.441906	-33.691406	591.796875
5732.875590	0.722909	-33.691406	591.796875
5732.879589	0.788825	-33.691406	591.796875
5732.881591	0.787298	8.660279	-0.022287
5733.942606	0.356883	-171.484375	12.109375
5733.944609	0.655873	-171.484375	12.109375
5733.946609	0.792342	-171.484375	12.109375
5733.948609	0.790223	8.692450	0.024613
5734.968622	0.791849	-33.105469	590.722656
5734.970625	0.789593	-33.105469	590.722656
5734.972625	0.787910	8.667006	-0.017475
5736.033214	0.677057	-173.925781	12.695312
5736.035216	0.791567	-173.925781	12.695312
5736.037216	0.789015	8.679165	0.022583
5737.061817	0.790981	-33.886719	594.140625
5737.063819	0.788488	-33.886719	594.140625
5737.065818	0.786951	8.656460	-0.013614
5738.120367	0.706290	-175.390625	12.792969
5738.122367	0.792128	-175.390625	12.792969
5738.124367	0.789346	8.682808	0.014928
5739.151329	1.978171	-34.375000	593.164062
5739.153329	0.770711	-34.375000	593.164062
5739.155330	0.790368	-34.375000	593.164062
5739.157330	0.788274	8.671012	0.006001
5740.205354	1.126176	-168.847656	15.136719
5740.207356	0.714915	-168.847656	15.136719
5740.209357	0.791676	-168.847656	15.136719
5740.211357	0.788933	8.678262	0.014401
5741.243410	0.304338	-36.035156	592.578125
5741.245410	0.606654	-36.035156	592.578125
5741.247411	0.788120	-36.035156	592.578125
5741.249411	0.789458	-36.035156	592.578125
5741.251411	0.787612	8.663727	0.004787
5742.293438	0.678291	-171.972656	13.378906
5742.295440	0.791798	-171.972656	13.378906
5742.297441	0.789218	8.681398	0.008970
5743.337450	0.458677	-40.527344	603.613281
5743.341450	0.790871	-40.527344	603.613281
5743.343453	0.788391	-40.527344	603.613281
5743.345453	0.788316	8.671473	-0.001071
5744.381439	0.538064	-163.476562	14.453125
5744.383444	0.772043	-163.476562	14.453125
5744.385444	0.789841	-163.476562	14.453125
5744.389446	0.786468	8.651152	0.038190
5745.429493	0.383322	-43.457031	606.152344
5745.431496	0.678750	-43.457031	606.152344
5745.433495	0.792152	-43.457031	606.152344
5745.435497	0.789535	8.684890	0.008526
5746.468041	0.334965	-162.304687	13.574219
5746.470042	0.635675	-162.304687	13.574219
5746.472043	0.791036	-162.304687	13.574219
5746.474043	0.789813	8.687947	0.005217
5747.522064	0.539666	-46.386719	602.734375
5747.524067	0.772798	-46.386719	602.734375
5747.526071	0.790153	-46.386719	602.734375
5747.528068	0.788034	8.668371	0.051612
5748.558125	0.506973	-165.039062	10.449219
5748.562123	0.790778	-165.039062	10.449219
5748.564125	0.788513	-165.039062	10.449219
5748.566126	0.787103	8.658134	-0.009386
5749.612129	0.398126	-46.972656	601.660156
5749.614128	0.690925	-46.972656	601.660156
5749.616129	0.792606	-46.972656	601.660156
5749.618129	0.792531	8.717840	0.021701
5750.648166	0.513405	-157.421875	10.644531
5750.650167	0.762125	-157.421875	10.644531
5750.652166	0.789839	-157.421875	10.644531
5750.654166	0.787667	8.664339	-0.004542
5751.702176	0.559580	-49.316406	604.394531
5751.704178	0.779196	-49.316406	604.394531
5751.706177	0.790165	-49.316406	604.394531
5751.708177	0.788199	8.670188	0.177042
5752.742190	0.790423	-162.207031	8.691406
5752.744192	0.788268	-162.207031	8.691406
5752.746191	0.786886	8.655742	-0.007107
5753.790725	0.344549	-50.976562	604.101562
5753.794725	0.791430	-50.976562	604.101562
5753.796727	0.789805	-50.976562	604.101562
5753.798727	0.788126	8.669390	0.019512
5754.828783	0.381310	-158.984375	8.984375
5754.830785	0.677165	-158.984375	8.984375
5754.832786	0.792916	-158.984375	8.984375
5754.834786	0.790257	8.692822	-0.007432
5755.880809	0.360622	-50.781250	602.734375
5755.882814	0.659225	-50.781250	602.734375
5755.884819	0.792797	-50.781250	602.734375
5755.886814	0.790541	8.695951	0.018086
5756.922882	0.746396	-160.742187	8.886719
5756.924885	0.788242	-160.742187	8.886719
5756.926885	0.786830	8.655130	-0.005046
5757.970921	0.380163	-52.734375	613.085937
5757.972923	0.676193	-52.734375	613.085937
5757.974922	0.792658	-52.734375	613.085937
5757.978930	0.788453	8.672979	0.016174
5759.008950	0.487332	-163.281250	7.519531
5759.010953	0.749890	-163.281250	7.519531
5759.012953	0.790787	-163.281250	7.519531
5759.016951	0.787006	8.657063	-0.012596
5760.061520	0.472486	-51.757812	604.589844
5760.063521	0.741917	-51.757812	604.589844
5760.065520	0.790952	-51.757812	604.589844
5760.067521	0.788453	8.672979	0.021588
5761.097565	0.278338	-159.960937	9.863281
5761.099569	0.581821	-159.960937	9.863281
5761.101567	0.784027	-159.960937	9.863281
5761.103576	0.789475	-159.960937	9.863281
5761.105579	0.787570	8.663266	-0.005483
5762.155640	0.779499	-53.125000	614.941406
5762.157642	0.790253	-53.125000	614.941406
5762.159641	0.788161	8.669771	0.176668
5763.187675	0.378895	-163.281250	10.351562
5763.189678	0.675055	-163.281250	10.351562
5763.191676	0.792186	-163.281250	10.351562
5763.193679	0.789646	8.686105	-0.002059
5764.243731	0.654463	-51.855469	612.890625
5764.245733	0.790807	-51.855469	612.890625
5764.247733	0.788886	8.677748	0.026580
5765.280297	0.690503	-167.871094	10.156250
5765.282297	0.695503	-167.871094	10.156250
5765.284297	0.788837	8.677206	-0.009684
5766.332293	0.443487	-51.171875	616.992187
5766.334296	0.723871	-51.171875	616.992187
5766.338294	0.788786	-51.171875	616.992187
5766.340301	0.787288	8.660173	0.019306
5767.370848	0.747618	-169.433594	11.718750
5767.372848	0.790547	-169.433594	11.718750
5767.374850	0.788239	8.670631	0.000623
5768.421383	0.385361	-48.046875	614.257812
5768.423383	0.680478	-48.046875	614.257812
5768.425384	0.792576	-48.046875	614.257812
5768.427383	0.789903	8.688931	0.020751
5769.459411	0.257790	-173.828125	13.476562
5769.461411	0.562238	-173.828125	13.476562
5769.463410	0.779437	-173.828125	13.476562
5769.465409	0.789500	-173.828125	13.476562
5769.469409	0.786243	8.648670	0.010263
5770.509973	0.328249	-47.265625	616.894531
5770.511976	0.629273	-47.265625	616.894531
5770.513977	0.790519	-47.265625	616.894531
5770.515976	0.789735	8.687088	0.015103
5771.552509	0.498872	-175.488281	14.746094
5771.554506	0.755908	-175.488281	14.746094
5771.556505	0.790738	-175.488281	14.746094
5771.558505	0.788449	8.672935	0.016185
5772.598583	0.508321	-41.992187	608.789062
5772.600585	0.760129	-41.992187	608.789062
5772.602585	0.790289	-41.992187	608.789062
5772.604585	0.788001	8.668008	0.006459
5773.644621	0.354662	-182.421875	14.160156
5773.646623	0.653776	-182.421875	14.160156
5773.650621	0.790053	-182.421875	14.160156
5773.652623	0.788402	8.672421	0.020552
5774.686631	0.522566	-40.527344	607.421875
5774.688633	0.765954	-40.527344	607.421875
5774.690634	0.789732	-40.527344	607.421875
5774.692633	0.787565	8.663213	-0.002025
5775.736658	0.274524	-182.031250	15.039062
5775.738661	0.578140	-182.031250	15.039062
5775.740660	0.783363	-182.031250	15.039062
5775.742660	0.789570	-182.031250	15.039062
5775.744661	0.787614	8.663754	0.029665
5776.772688	0.547133	-39.355469	615.917969
5776.774692	0.774945	-39.355469	615.917969
5776.776691	0.789558	-39.355469	615.917969
5776.778690	0.787501	8.662513	-0.001345
5777.830715	0.430349	-183.984375	13.964844
5777.832717	0.714757	-183.984375	13.964844
5777.834717	0.790868	-183.984375	13.964844
5777.836717	0.788234	8.670568	0.035817
5778.860727	0.563653	-38.964844	618.164062
5778.862733	0.780338	-38.964844	618.164062
5778.864739	0.790215	-38.964844	618.164062
5778.866741	0.788235	8.670587	0.168431
5779.925655	0.752153	-185.156250	13.476562
5779.929656	0.789731	-185.156250	13.476562
5779.931658	0.788371	8.672084	0.033417
5780.949716	0.644081	-39.550781	617.480469
5780.951720	0.791141	-39.550781	617.480469
5780.953719	0.789538	8.684917	-0.004275
5782.014250	0.267522	-185.058594	13.085937
5782.016252	0.571513	-185.058594	13.085937
5782.018253	0.781773	-185.058594	13.085937
5782.020253	0.789556	-185.058594	13.085937
5782.022251	0.787616	8.663772	0.036420
5783.038264	0.719519	-39.062500	612.890625
5783.040265	0.790611	-39.062500	612.890625
5783.042267	0.788107	8.669177	-0.004673
5784.108296	0.575216	-188.378906	12.011719
5784.110299	0.782522	-188.378906	12.011719
5784.112299	0.789416	-188.378906	12.011719
5784.114299	0.787521	8.662725	0.271099
5785.124336	0.380453	-40.527344	616.601562
5785.126336	0.676397	-40.527344	616.601562
5785.128337	0.792053	-40.527344	616.601562
5785.130338	0.789471	8.684181	-0.004363
5786.198383	0.439159	-193.164062	10.742187
5786.200386	0.720687	-193.164062	10.742187
5786.202387	0.790623	-193.164062	10.742187
5786.208384	0.785461	8.640074	0.030105
5787.216394	0.739373	-41.601562	620.898437
5787.218396	0.790946	-41.601562	620.898437
5787.220396	0.788502	8.673520	-0.014646
5788.287333	0.279859	-191.699219	10.351562
5788.289334	0.583178	-191.699219	10.351562
5788.291333	0.784356	-191.699219	10.351562
5788.293334	0.789544	-191.699219	10.351562
5788.295334	0.787661	8.664276	0.038622
5789.305914	0.544821	-41.406250	617.187500
5789.307916	0.774629	-41.406250	617.187500
5789.309916	0.790344	-41.406250	617.187500
5789.311917	0.788283	8.671109	0.050199
5790.378464	0.378750	-188.964844	11.425781
5790.380468	0.674879	-188.964844	11.425781
5790.382466	0.792078	-188.964844	11.425781
5790.384466	0.789503	8.684535	0.043558
5791.394522	0.416913	-42.382812	614.648437
5791.396524	0.705284	-42.382812	614.648437
5791.398524	0.791938	-42.382812	614.648437
5791.400523	0.789232	8.681549	-0.006431
5792.468558	0.396275	-191.601562	10.449219
5792.470560	0.689325	-191.601562	10.449219
5792.472559	0.792307	-191.601562	10.449219
5792.474559	0.789586	8.685449	0.038624
5793.486631	0.761124	-41.699219	617.578125
5793.488633	0.789805	-41.699219	617.578125
5793.490635	0.787611	8.663718	-0.008225
5794.560661	0.559699	-193.359375	10.937500
5794.562663	0.778724	-193.359375	10.937500
5794.564662	0.789578	-193.359375	10.937500
5794.566665	0.787648	8.664125	0.036442
5795.575241	0.527281	-42.578125	620.605469
5795.577243	0.767848	-42.578125	620.605469
5795.579244	0.789762	-42.578125	620.605469
5795.581244	0.787675	8.664427	-0.005358
5796.649310	0.590670	-189.453125	12.304687
5796.651312	0.598300	-189.453125	12.304687
5796.653311	0.789680	-189.453125	12.304687
5796.655312	0.787830	8.666128	0.353038
5797.667372	0.620081	-42.089844	616.210937
5797.671373	0.789155	-42.089844	616.210937
5797.675373	0.786066	8.646729	-0.008707
5798.737410	0.384655	-192.773437	12.597656
5798.739410	0.679859	-192.773437	12.597656
5798.741410	0.792537	-192.773437	12.597656
5798.743410	0.789874	8.688612	0.041957
5799.755498	0.419942	-41.699219	622.949219
5799.757499	0.707339	-41.699219	622.949219
5799.759499	0.791226	-41.699219	622.949219
5799.763495	0.786995	8.656947	-0.004573
5800.827526	0.402951	-191.894531	12.695312
5800.829529	0.694751	-191.894531	12.695312
5800.831528	0.792483	-191.894531	12.695312
5800.833530	0.789726	8.686991	0.038829
5801.847611	0.508345	-41.308594	619.531250
5801.849614	0.759968	-41.308594	619.531250
5801.851613	0.790171	-41.308594	619.531250
5801.853612	0.787992	8.667910	-0.008461
5802.917630	0.652537	-194.238281	13.476562
5802.919632	0.791545	-194.238281	13.476562
5802.923630	0.787797	8.665766	0.041017
5803.939682	0.438187	-41.992187	624.804687
5803.941683	0.720297	-41.992187	624.804687
5803.943683	0.791054	-41.992187	624.804687
5803.945683	0.788410	8.672509	0.003931
5805.001766	0.311206	-193.261719	14.160156
5805.003770	0.613068	-193.261719	14.160156
5805.005768	0.788093	-193.261719	14.160156
5805.007769	0.788766	8.676427	0.038101
5806.035799	0.790862	-43.945312	635.156250
5806.037800	0.788430	8.672731	-0.004943
5807.093851	0.552027	-199.121094	13.378906
5807.095855	0.776458	-199.121094	13.378906
5807.097853	0.777891	-199.121094	13.378906
5807.099853	0.787496	8.662459	0.033611
5808.125872	0.372284	-43.847656	627.832031
5808.127875	0.669318	-43.847656	627.832031
5808.129874	0.791754	-43.847656	627.832031
5808.131872	0.789385	8.683232	0.007510
5809.181957	0.784507	-190.234375	16.015625
5809.183955	0.789740	-190.234375	16.015625
5809.185957	0.787840	8.666235	0.303946
5810.215983	0.469292	-46.679687	630.664062
5810.217986	0.739690	-46.679687	630.664062
5810.221986	0.787814	-46.679687	630.664062
5810.223987	0.786384	8.650221	0.014722
5811.268038	0.453704	-193.652344	15.429687
5811.270040	0.730649	-193.652344	15.429687
5811.272040	0.791522	-193.652344	15.429687
5811.274039	0.788873	8.677605	0.023869
5812.312985	0.446976	-48.730469	627.343750
5812.314988	0.725990	-48.730469	627.343750
5812.316986	0.790844	-48.730469	627.343750
5812.318987	0.788300	8.671295	0.014921
5813.352997	0.388162	-183.984375	16.406250
5813.354998	0.682744	-183.984375	16.406250
5813.356998	0.792306	-183.984375	16.406250
5813.359000	0.789611	8.685723	0.020773
5814.403046	0.379307	-51.660156	628.613281
5814.405047	0.675307	-51.660156	628.613281
5814.409047	0.792173	-51.660156	628.613281
5814.411049	0.787916	8.667077	0.024133
5815.441112	0.255613	-184.667969	14.648437
5815.443118	0.560174	-184.667969	14.648437
5815.445117	0.779053	-184.667969	14.648437
5815.447116	0.789577	-184.667969	14.648437
5815.449117	0.787574	8.663311	0.020882
5816.495190	0.395833	-53.320312	628.613281
5816.497194	0.689115	-53.320312	628.613281
5816.499192	0.793047	-53.320312	628.613281
5816.501193	0.790276	8.693034	0.028906
5817.531238	0.664322	-189.648437	13.183594
5817.533240	0.790977	-189.648437	13.183594
5817.535240	0.788671	8.675381	0.010030
5818.585271	0.563306	-57.128906	634.375000
5818.587275	0.779653	-57.128906	634.375000
5818.589275	0.789473	-57.128906	634.375000
5818.591274	0.787483	8.662309	0.199555
5819.624248	0.762464	-185.449219	12.304687
5819.626250	0.790482	-185.449219	12.304687
5819.628250	0.788264	8.670906	0.006685
5820.676294	0.489293	-56.542969	622.753906
5820.678297	0.750861	-56.542969	622.753906
5820.680296	0.790443	-56.542969	622.753906
5820.682296	0.788072	8.668797	0.034821
5821.712318	0.449913	-178.222656	12.988281
5821.714320	0.728189	-178.222656	12.988281
5821.716317	0.791519	-178.222656	12.988281
5821.718317	0.788936	8.678297	0.006436
5822.766316	0.417151	-57.617187	619.042969
5822.768320	0.705252	-57.617187	619.042969
5822.770317	0.791195	-57.617187	619.042969
5822.772319	0.788624	8.674868	0.029971
5823.804418	0.773352	-182.617187	10.644531
5823.806426	0.789512	-182.617187	10.644531
5823.808430	0.787467	8.662132	0.077984
5824.854993	0.377326	-58.398437	620.703125
5824.856996	0.673692	-58.398437	620.703125
5824.858997	0.792350	-58.398437	620.703125
5824.860996	0.789822	8.688046	0.037068
5825.891074	0.344880	-179.492187	11.230469
5825.893076	0.644841	-179.492187	11.230469
5825.895076	0.791807	-179.492187	11.230469
5825.897075	0.790113	8.691245	0.005200
5826.943079	0.239411	-59.667969	620.996094
5826.945080	0.545377	-59.667969	620.996094
5826.949077	0.789967	-59.667969	620.996094
5826.951079	0.788006	-59.667969	620.996094
5826.953079	0.786661	8.653270	0.037782
5827.981187	0.364217	-181.250000	11.132812
5827.983191	0.662247	-181.250000	11.132812
5827.985187	0.792062	-181.250000	11.132812
5827.987188	0.789823	8.688054	0.007924
5829.035209	0.566561	-59.277344	622.656250
5829.037212	0.780659	-59.277344	622.656250
5829.039210	0.789748	-59.277344	622.656250
5829.041210	0.787719	8.664914	0.228169
5830.073237	0.672062	-184.863281	10.546875
5830.075239	0.792301	-184.863281	10.546875
5830.077239	0.789838	8.688213	0.016155
5831.125777	0.347780	-59.570312	630.078125
5831.127778	0.647549	-59.570312	630.078125
5831.129778	0.792281	-59.570312	630.078125
5831.131778	0.790466	8.695127	0.030043
5832.166291	0.787885	-186.718750	11.523437
5832.168292	0.789442	-186.718750	11.523437
5832.170293	0.787656	8.664214	0.014925
5833.214788	0.433565	-57.617187	624.121094
5833.216789	0.717006	-57.617187	624.121094
5833.220788	0.788400	-57.617187	624.121094
5833.222790	0.786814	8.654953	0.031874
5834.250829	0.395894	-185.351562	13.378906
5834.254832	0.792301	-185.351562	13.378906
5834.256833	0.789686	-185.351562	13.378906
5834.258834	0.788068	8.668752	0.010492
5835.306856	0.515465	-58.007812	633.203125
5835.308859	0.763309	-58.007812	633.203125
5835.310859	0.790351	-58.007812	633.203125
5835.314857	0.786843	8.655272	0.039143
5836.343447	0.483595	-191.015625	14.257812
5836.345449	0.747810	-191.015625	14.257812
5836.347448	0.790264	-191.015625	14.257812
5836.349449	0.787979	8.667768	0.010466
5837.396436	0.602983	-57.226562	636.718750
5837.398436	0.787528	-57.226562	636.718750
5837.400436	0.789041	-57.226562	636.718750
5837.402436	0.787219	8.659410	0.415611
5838.432967	0.566665	-191.503906	16.210937
5838.434971	0.780904	-191.503906	16.210937
5838.436970	0.790022	-191.503906	16.210937
5838.438969	0.787973	8.667706	0.218315
5839.488987	0.790296	-55.468750	640.136719
5839.490988	0.787865	-55.468750	640.136719
5839.492991	0.786425	8.650673	0.030979
5840.525547	0.495769	-194.628906	17.382812
5840.527549	0.753901	-194.628906	17.382812
5840.529549	0.789922	-194.628906	17.382812
5840.531549	0.787762	8.665384	0.025639
5841.571559	0.341487	-53.808594	642.089844
5841.573559	0.641716	-53.808594	642.089844
5841.575560	0.791471	-53.808594	642.089844
5841.577563	0.789954	8.689499	0.030340
5842.617587	0.496893	-196.582031	18.066406
5842.619589	0.754523	-196.582031	18.066406
5842.621589	0.790098	-196.582031	18.066406
5842.623588	0.787887	8.666758	0.039925
5843.659637	0.517216	-50.878906	644.433594
5843.661640	0.763757	-50.878906	644.433594
5843.663639	0.789729	-50.878906	644.433594
5843.665640	0.787665	8.664311	0.021415
5844.710211	0.433363	-206.054687	17.285156
5844.712212	0.716815	-206.054687	17.285156
5844.714211	0.790783	-206.054687	17.285156
5844.716212	0.788133	8.669460	0.047216
5845.746763	1.568000	-49.218750	638.574219
5845.748765	0.618849	-49.218750	638.574219
5845.750765	0.789127	-49.218750	638.574219
5845.752766	0.789159	8.680752	0.017226
5846.800327	2.825744	-208.593750	17.382812
5846.805676	0.781984	-208.593750	17.382812
5846.807678	0.789976	-208.593750	17.382812
5846.809679	0.787975	8.667724	0.054268
5847.836218	0.546405	-47.460937	643.359375
5847.838220	0.774994	-47.460937	643.359375
5847.840219	0.790046	-47.460937	643.359375
5847.842219	0.788057	8.668628	0.092778
5848.896300	0.657453	-205.761719	17.285156
5848.898303	0.662728	-205.761719	17.285156
5848.900304	0.789122	8.680344	0.047974
5849.924325	0.757700	-46.386719	635.644531
5849.928325	0.788352	-46.386719	635.644531
5849.930326	0.786895	8.655849	0.002948
5850.986359	0.284089	-213.183594	16.503906
5850.988362	0.587266	-213.183594	16.503906
5850.990362	0.784827	-213.183594	16.503906
5850.992362	0.789173	-213.183594	16.503906
5850.994360	0.787210	8.659305	0.060205
5852.012929	0.518919	-48.046875	646.582031
5852.014929	0.764255	-48.046875	646.582031
5852.016930	0.789425	-48.046875	646.582031
5852.018931	0.787357	8.660927	0.004908
5853.079509	0.530062	-209.960937	16.796875
5853.081511	0.769521	-209.960937	16.796875
5853.083511	0.790680	-209.960937	16.796875
5853.085510	0.788594	8.674539	0.052775
5854.099533	0.393171	-47.070312	645.312500
5854.101535	0.686850	-47.070312	645.312500
5854.105532	0.789780	-47.070312	645.312500
5854.107534	0.788077	8.668850	0.006984
5855.176449	0.789527	-217.089844	14.843750
5855.178451	0.787595	8.663541	0.352393
5856.188953	0.386645	-47.460937	638.769531
5856.192953	0.792463	-47.460937	638.769531
5856.194954	0.789789	-47.460937	638.769531
5856.196955	0.788116	8.669275	0.004103
5857.259007	0.383013	-214.746094	14.062500
5857.261010	0.678463	-214.746094	14.062500
5857.263010	0.792018	-214.746094	14.062500
5857.265011	0.789411	8.683517	0.060822
5858.281004	0.741720	-48.828125	644.433594
5858.283006	0.790909	-48.828125	644.433594
5858.285007	0.788457	8.673023	0.004206
5859.353578	0.736033	-216.210937	13.964844
5859.355579	0.790448	-216.210937	13.964844
5859.357579	0.790321	8.693531	0.062348
5860.368097	0.338448	-49.902344	646.289062
5860.370101	0.638784	-49.902344	646.289062
5860.372104	0.790961	-49.902344	646.289062
5860.374103	0.789571	8.685280	0.007770
5861.441052	0.465120	-220.214844	13.671875
5861.443054	0.737256	-220.214844	13.671875
5861.447052	0.787995	-220.214844	13.671875
5861.449054	0.786497	8.651470	0.056105
5862.462041	0.790647	-48.730469	643.261719
5862.464042	0.788037	8.668406	0.008384
5863.534095	0.774312	-219.531250	14.062500
5863.536096	0.790148	-219.531250	14.062500
5863.538098	0.788118	8.669292	0.126948
5864.550633	0.493676	-50.097656	647.656250
5864.552634	0.752937	-50.097656	647.656250
5864.554636	0.790128	-50.097656	647.656250
5864.556635	0.787833	8.666164	0.006076
5865.621538	0.617808	-219.921875	14.355469
5865.623538	0.789241	-219.921875	14.355469
5865.625540	0.789346	8.682808	0.510290
5866.640497	0.398519	-50.097656	646.191406
5866.642498	0.691677	-50.097656	646.191406
5866.644500	0.795596	-50.097656	646.191406
5866.646499	0.793063	8.723690	0.009886
5867.709051	0.401689	-217.285156	15.429687
5867.711052	0.693627	-217.285156	15.429687
5867.713052	0.792437	-217.285156	15.429687
5867.715050	0.789700	8.686698	0.058570
5868.731111	0.339931	-50.683594	651.855469
5868.733112	0.640249	-50.683594	651.855469
5868.735114	0.791575	-50.683594	651.855469
5868.737112	0.790122	8.691341	0.009002
5869.799143	0.496157	-217.382812	16.503906
5869.801145	0.754506	-217.382812	16.503906
5869.803145	0.790783	-217.382812	16.503906
5869.805144	0.788435	8.672784	0.062723
5870.827166	0.484310	-70.703125	639.648437
5870.829167	0.748169	-70.703125	639.648437
5870.831167	0.790455	-70.703125	639.648437
5870.833165	0.788086	8.668946	-0.117811
5871.435156	0.517974	-293.847656	206.054687
5871.437159	0.762926	-293.847656	206.054687
5871.439158	0.788275	-293.847656	206.054687
5871.441157	0.786073	8.646800	-0.266101
5871.899161	0.385427	-525.195312	54.687500
5871.901164	0.678334	-525.195312	54.687500
5871.903165	0.787259	-525.195312	54.687500
5871.905164	0.784800	8.632797	0.600659
