num crossings	time (s)	maj axis (mm)	min axis (mm)	theta (rad )	slope (V/s)
3145	5549.646546	79.136187	12.075381	2.607114	97.183619
3147	5551.738589	79.112303	16.922840	2.573548	91.596774
3149	5553.833907	78.819756	16.605388	2.564019	91.434150
3151	5555.926766	80.321606	14.959330	2.597493	89.956803
3153	5558.020018	80.058444	16.720910	2.552098	86.545287
3155	5560.111382	80.041862	14.362443	2.604006	88.757577
3157	5562.203223	78.825488	12.987776	2.605325	96.145440
3159	5564.293997	80.562200	12.828190	2.598399	92.865409
3161	5566.383446	79.419578	11.035503	2.628743	91.639913
3163	5568.473240	81.045819	11.927384	2.581978	90.630647
3165	5570.562923	81.715360	11.393901	2.636275	88.583511
3167	5572.651493	79.512070	17.029801	2.584602	91.420689
3169	5574.740588	79.441748	14.800255	2.621188	88.035901
3171	5576.830391	79.355759	14.956312	2.623646	91.549065
3173	5578.921025	78.920816	15.220128	2.620722	94.874333
3175	5581.012130	78.779806	9.959499	2.646710	95.826104
3177	5583.102741	78.976113	16.986340	2.594979	92.432693
3179	5585.193975	79.214220	12.569738	2.598659	90.527630
3181	5587.286095	78.469951	15.491942	2.636476	88.980366
3183	5589.376793	78.045991	11.819002	2.647292	91.567281
3185	5591.466302	78.548812	16.981260	2.592934	88.737169
3187	5593.555152	77.337197	16.833341	2.597607	86.026300
3189	5595.643582	79.012236	16.032213	2.640818	85.221051
3191	5597.730113	77.020820	16.843482	2.605013	81.107798
3193	5599.816243	76.410221	16.917837	2.610103	84.265597
3195	5601.903383	78.741879	15.774439	2.645374	84.913409
3197	5603.990992	77.370366	13.287685	2.657920	84.003703
3199	5606.080230	77.652242	15.724304	2.634234	84.669187
3201	5608.169689	75.944424	11.504355	2.678993	87.446078
3203	5610.261387	76.245114	17.637679	2.645257	87.859130
3205	5612.351704	78.890396	13.127792	2.626103	86.727149
3207	5614.442449	77.487816	15.617833	2.653297	87.598472
3209	5616.532461	75.329129	17.323751	2.649049	89.225532
3211	5618.621488	78.976445	13.093710	2.630051	85.484755
3213	5620.711482	76.069003	11.871244	2.687709	84.880135
3215	5622.800870	77.225680	15.916483	2.670893	85.933999
3217	5624.891297	77.025049	15.618840	2.669558	85.822902
3219	5626.982920	74.716255	17.045846	2.642614	81.230597
3221	5629.075514	75.689028	14.260805	2.669936	84.579799
3223	5631.169040	76.122646	15.768172	2.677761	78.335171
3225	5633.261973	75.408284	15.656768	2.672637	80.117516
3227	5635.355438	75.187355	15.383420	2.666857	79.236974
3229	5637.447569	75.171942	14.422243	2.685453	80.054677
3231	5639.538678	76.320412	15.870544	2.681262	78.067749
3233	5641.629969	76.150848	17.314181	2.643373	81.762961
3235	5643.719853	75.181568	17.294148	2.648637	81.036599
3237	5645.810055	75.909466	14.312174	2.679093	82.350614
3239	5647.899940	74.965446	13.098441	2.702210	82.843776
3241	5649.990307	75.108096	17.559614	2.657324	83.333971
3243	5652.079786	75.409078	15.996136	2.699670	81.866442
3245	5654.170779	75.266156	16.572053	2.700187	81.815953
3247	5656.261128	75.840101	13.031265	2.715481	80.486276
3249	5658.351552	75.491333	16.025694	2.706218	78.963645
3251	5660.441577	74.189750	17.661541	2.658900	79.384577
3253	5662.531038	75.003939	16.097191	2.710722	76.621246
3255	5664.619769	75.032688	16.183102	2.710330	72.322691
3257	5666.707472	75.244333	16.959698	2.715227	72.182023
3259	5668.793940	75.333199	16.902074	2.716225	76.200578
3261	5670.880816	72.721263	17.322214	2.675159	68.785039
3263	5672.968932	75.263618	16.985092	2.720768	74.116595
3265	5675.056512	74.652010	16.150008	2.720570	78.253633
3267	5677.145297	73.012977	13.948777	2.738221	75.500372
3269	5679.234503	73.210380	17.519304	2.710728	74.705732
3271	5681.325608	72.316326	17.613155	2.711965	74.836170
3273	5683.415575	72.821861	17.566261	2.721211	75.360750
3275	5685.506269	71.814110	17.622451	2.723086	80.098682
3277	5687.595440	73.406294	17.527645	2.730059	75.357642
3279	5689.685431	73.238385	14.515288	2.728589	77.855373
3281	5691.774806	72.239467	12.472941	2.764435	78.328577
3283	5693.865061	73.173302	14.439920	2.718082	75.488032
3285	5695.955397	73.417010	16.645582	2.742479	73.937766
3287	5698.046570	70.700447	17.312233	2.722681	74.776550
3289	5700.138509	71.529688	17.213054	2.720946	71.202292
3291	5702.231212	70.952146	17.322193	2.716664	69.837748
3293	5704.324563	73.171530	17.453205	2.754905	68.822785
3295	5706.417376	71.232001	15.472307	2.732454	68.076003
3297	5708.510196	71.674252	15.662789	2.756673	69.897235
3299	5710.601793	71.967346	17.667748	2.713889	66.606887
3301	5712.693303	72.805023	17.341757	2.760749	68.337134
3303	5714.784404	72.711175	17.177980	2.762610	70.077056
3305	5716.874208	72.246317	17.833588	2.718944	70.662719
3307	5718.965309	72.572768	17.195605	2.769350	69.417999
3309	5721.055689	70.692253	17.894971	2.727291	71.877752
3311	5723.145190	72.378952	17.236179	2.774787	72.420129
3313	5725.235635	72.247662	17.209079	2.776896	70.924307
3315	5727.325691	70.428524	17.804590	2.732050	68.619715
3317	5729.415780	70.314341	17.873420	2.733926	69.015439
3319	5731.504561	70.493725	18.012567	2.729891	67.168872
3321	5733.593401	69.488196	17.907326	2.733185	68.421391
3323	5735.682081	71.459498	17.103630	2.785952	65.976261
3325	5737.769339	71.267957	17.151617	2.788329	63.932363
3327	5739.856479	69.894083	16.144661	2.788222	63.785139
3329	5741.942741	71.468584	17.123449	2.791202	64.055481
3331	5744.031156	71.339183	17.034073	2.789089	61.821593
3333	5746.119155	68.557017	17.748665	2.761618	63.494063
3335	5748.208175	68.322628	17.832398	2.775587	67.690003
3337	5750.297913	68.774419	17.773050	2.784476	65.439980
3339	5752.388067	70.104921	15.160610	2.770036	68.460613
3341	5754.478884	68.761882	14.141557	2.829688	65.141362
3343	5756.569336	69.679520	15.219812	2.774161	67.920834
3345	5758.659074	68.451490	14.290606	2.838023	67.635535
3347	5760.748807	70.385708	15.362751	2.777538	68.459029
3349	5762.838764	70.406479	17.611070	2.813343	65.632740
3351	5764.928839	70.386753	17.515784	2.818518	65.609867
3353	5767.019017	69.517514	18.394310	2.817530	65.797359
3355	5769.110550	69.203857	18.427880	2.820791	63.465749
3357	5771.202254	67.696180	16.413065	2.832832	62.134365
3359	5773.294891	67.585820	17.761032	2.780816	60.764872
3361	5775.387825	67.820898	16.400640	2.796619	61.664091
3363	5777.480459	67.478398	17.387134	2.830914	57.258641
3365	5779.573398	67.635547	16.678581	2.799106	59.338578
3367	5781.665080	68.978738	17.696268	2.831156	60.464826
3369	5783.757401	68.898004	17.967827	2.835962	59.713930
3371	5785.848479	67.676891	18.367281	2.790921	58.760161
3373	5787.938833	69.077730	17.636548	2.836495	61.026040
3375	5790.029062	66.963503	17.198726	2.847171	62.847652
3377	5792.119186	67.526759	18.365133	2.797005	61.296760
3379	5794.209744	69.033473	18.426888	2.850383	58.405964
3381	5796.298966	66.697300	18.387410	2.805210	59.620060
3383	5798.388046	69.064706	18.784837	2.857321	59.268856
3385	5800.478243	65.949751	18.449171	2.810234	58.373015
3387	5802.566800	66.356373	17.080778	2.819030	58.677957
3389	5804.653823	65.991276	17.928263	2.861876	56.969850
3391	5806.743334	66.370439	18.448001	2.810177	52.090120
3393	5808.829799	66.299274	16.999652	2.831952	53.273198
3395	5810.918466	65.797166	17.876476	2.871420	54.865910
3397	5813.004162	65.441188	18.161693	2.820377	54.947422
3399	5815.092803	66.667391	16.591504	2.832088	57.376537
3401	5817.180237	67.252612	18.804103	2.857265	55.980881
3403	5819.271540	67.266571	18.934624	2.856561	59.487981
3405	5821.362269	65.335809	16.096021	2.902392	58.266080
3407	5823.452223	66.241529	16.634945	2.837182	57.267184
3409	5825.542153	64.951024	15.707740	2.911225	59.337618
3411	5827.632098	67.870828	18.942696	2.888323	58.038892
3413	5829.721953	66.437060	16.746729	2.841117	59.872283
3415	5831.812930	66.754657	19.505143	2.881752	58.102558
3417	5833.901770	64.521274	16.229321	2.918754	58.729566
3419	5835.993074	64.128924	18.752527	2.852616	54.870411
3421	5838.082512	63.645555	18.455101	2.854332	55.919074
3423	5840.175331	67.314602	19.142198	2.905038	50.506850
3425	5842.267204	63.255422	18.581297	2.850080	53.372055
3427	5844.360275	63.623373	18.837393	2.844472	51.095505
3429	5846.452630	62.929621	18.861465	2.851146	52.951101
3431	5848.544897	64.205949	17.739122	2.866816	53.477693
3433	5850.637368	65.775285	18.448374	2.906607	51.430543
3435	5852.728614	63.810780	18.656435	2.914482	49.563337
3437	5854.821235	64.108162	19.133241	2.854722	48.843672
3439	5856.909984	63.565258	19.144591	2.863600	50.607459
3441	5859.001554	65.543152	18.432231	2.916057	49.885741
3443	5861.091402	63.492192	18.441591	2.925214	50.715519
3445	5863.181677	63.702534	17.772633	2.885083	51.210365
3447	5865.270954	64.803959	19.351877	2.921568	49.959389
3449	5867.359601	65.398065	18.272492	2.920029	49.098238
3451	5869.449038	62.714210	19.201736	2.876143	49.331637
3453	5871.149760	17.331460	7.167574	2.677489	45.378630
