time (s)	coil I (A)	last det (V)	int current (uC)
5932.735525	0.468059	-142.968750	15.332031
5932.737528	0.739476	-142.968750	15.332031
5932.739527	0.791265	-142.968750	15.332031
5932.741530	0.788819	8.677011	-0.016001
5933.772481	0.334395	-28.027344	527.148437
5933.774481	0.635342	-28.027344	527.148437
5933.776482	0.791860	-28.027344	527.148437
5933.778481	0.790665	8.697315	-0.015297
5934.838562	0.785350	-146.972656	13.183594
5934.840564	0.789788	-146.972656	13.183594
5934.842565	0.787880	8.666678	0.298571
5935.853116	0.315144	-29.101562	534.472656
5935.855117	0.617030	-29.101562	534.472656
5935.857119	0.789188	-29.101562	534.472656
5935.859119	0.789412	8.683535	-0.035945
5936.929142	0.515787	-144.531250	8.007812
5936.931145	0.763346	-144.531250	8.007812
5936.933142	0.790112	-144.531250	8.007812
5936.935143	0.787984	8.667822	0.005504
5937.949706	0.461733	-39.648437	541.601562
5937.951707	0.735515	-39.648437	541.601562
5937.953709	0.790945	-39.648437	541.601562
5937.955707	0.788427	8.672695	-0.026116
5939.006284	0.357650	-134.570312	6.347656
5939.008287	0.656547	-134.570312	6.347656
5939.010285	0.791588	-134.570312	6.347656
5939.012286	0.789448	8.683925	-0.007891
5940.056335	0.791165	-37.597656	522.753906
5940.058338	0.789012	8.679130	-0.013674
5941.088389	0.245597	-135.253906	12.207031
5941.090391	0.551103	-135.253906	12.207031
5941.092390	0.776590	-135.253906	12.207031
5941.094390	0.790062	-135.253906	12.207031
5941.096390	0.788042	8.668460	-0.025344
5942.140403	0.535400	-30.664062	526.464844
5942.142406	0.771492	-30.664062	526.464844
5942.144405	0.790452	-30.664062	526.464844
5942.146405	0.788402	8.672421	0.021904
5943.192479	0.599063	-148.144531	13.867187
5943.194483	0.787917	-148.144531	13.867187
5943.196484	0.790319	-148.144531	13.867187
5943.198484	0.788383	8.672217	0.359397
5944.217425	0.588202	-27.832031	543.652344
5944.219428	0.785342	-27.832031	543.652344
5944.221426	0.789545	-27.832031	543.652344
5944.223427	0.789447	8.683915	0.288561
5945.291430	0.639623	-145.898437	8.105469
5945.293430	0.790487	-145.898437	8.105469
5945.295431	0.789100	8.680096	0.005976
5946.307988	0.521525	-37.597656	542.675781
5946.311993	0.790043	-37.597656	542.675781
5946.313994	0.787981	-37.597656	542.675781
5946.315994	0.786525	8.651780	-0.027853
5947.368559	0.401278	-136.621094	5.078125
5947.370561	0.693451	-136.621094	5.078125
5947.372560	0.792649	-136.621094	5.078125
5947.374561	0.789815	8.687965	-0.007179
5948.412591	0.332391	-40.332031	539.843750
5948.414593	0.633199	-40.332031	539.843750
5948.416594	0.790296	-40.332031	539.843750
5948.418595	0.789278	8.682063	-0.006076
5949.448606	0.288682	-134.765625	10.156250
5949.450608	0.591772	-134.765625	10.156250
5949.452608	0.785858	-134.765625	10.156250
5949.454612	0.789374	-134.765625	10.156250
5949.456617	0.787536	8.662893	-0.021719
5950.502679	0.426366	-31.054687	527.148437
5950.504681	0.712073	-31.054687	527.148437
5950.506682	0.791447	-31.054687	527.148437
5950.508683	0.788729	8.676019	-0.005092
5951.550702	0.757853	-145.898437	13.671875
5951.552704	0.790840	-145.898437	13.671875
5951.554704	0.788560	8.674158	-0.011164
5952.579275	0.413916	-24.609375	522.167969
5952.581276	0.703144	-24.609375	522.167969
5952.583275	0.792020	-24.609375	522.167969
5952.585274	0.789330	8.682631	-0.025033
5953.651338	0.556346	-145.605469	9.570312
5953.653339	0.778085	-145.605469	9.570312
5953.655340	0.789926	-145.605469	9.570312
5953.657340	0.787930	8.667228	0.136152
5954.665372	0.367867	-28.515625	522.753906
5954.667374	0.665697	-28.515625	522.753906
5954.669374	0.792511	-28.515625	522.753906
5954.671375	0.790148	8.691626	-0.038917
5955.735464	0.290004	-141.308594	4.785156
5955.737465	0.593055	-141.308594	4.785156
5955.739464	0.786398	-141.308594	4.785156
5955.741464	0.789807	-141.308594	4.785156
5955.743466	0.787883	8.666714	-0.000281
5956.763493	0.437404	-42.382812	551.562500
5956.765494	0.719800	-42.382812	551.562500
5956.767495	0.791226	-42.382812	551.562500
5956.769494	0.788608	8.674689	-0.023219
5957.817534	0.411488	-136.816406	4.101562
5957.819535	0.701161	-136.816406	4.101562
5957.821535	0.791519	-136.816406	4.101562
5957.823536	0.788819	8.677011	-0.013730
5958.861565	0.421764	-38.867187	532.031250
5958.863565	0.708800	-38.867187	532.031250
5958.867565	0.789001	-38.867187	532.031250
5958.869566	0.787571	8.663283	-0.009753
5959.903621	0.766872	-136.816406	8.007812
5959.905621	0.789673	-136.816406	8.007812
5959.907623	0.787627	8.663896	-0.024151
5960.956172	0.575935	-33.984375	531.835937
5960.958173	0.783232	-33.984375	531.835937
5960.960173	0.790091	-33.984375	531.835937
5960.962173	0.788139	8.669532	0.244095
5961.992172	0.457522	-139.648437	12.500000
5961.994173	0.471438	-139.648437	12.500000
5961.996173	0.790541	-139.648437	12.500000
5961.998173	0.788028	8.668308	-0.017577
5963.042751	0.676590	-28.808594	522.460937
5963.046750	0.789415	-28.808594	522.460937
5963.048752	0.787815	8.665969	-0.007892
5964.088810	0.610821	-145.898437	13.281250
5964.090812	0.789112	-145.898437	13.281250
5964.092813	0.790017	8.690189	-0.020279
5965.126865	0.491881	-27.148437	536.914062
5965.128864	0.752178	-27.148437	536.914062
5965.130864	0.790281	-27.148437	536.914062
5965.132864	0.787950	8.667449	-0.011927
5966.184892	0.789443	-145.410156	12.792969
5966.186892	0.790274	-145.410156	12.792969
5966.188893	0.788468	8.673147	-0.002898
5967.213475	0.446905	-24.707031	532.910156
5967.215477	0.726140	-24.707031	532.910156
5967.217477	0.790882	-24.707031	532.910156
5967.219477	0.788384	8.672226	-0.009881
5968.273523	0.400430	-144.335937	12.597656
5968.275525	0.692583	-144.335937	12.597656
5968.277524	0.792065	-144.335937	12.597656
5968.279524	0.789358	8.682940	-0.000064
5969.303560	0.462177	-24.023437	526.171875
5969.305561	0.735559	-24.023437	526.171875
5969.307561	0.790517	-24.023437	526.171875
5969.309561	0.788070	8.668770	-0.017757
5970.365581	0.558383	-147.949219	12.109375
5970.367584	0.778569	-147.949219	12.109375
5970.369583	0.789792	-147.949219	12.109375
5970.371584	0.787716	8.664879	0.006385
5971.394126	0.478648	-27.246094	552.050781
5971.396128	0.792064	-27.246094	552.050781
5971.398128	0.789402	8.683419	-0.021447
5972.452121	0.266324	-144.531250	12.011719
5972.454123	0.570393	-144.531250	12.011719
5972.456124	0.781671	-144.531250	12.011719
5972.458122	0.789776	-144.531250	12.011719
5972.460122	0.787784	8.665624	0.001343
5973.490225	0.790231	-25.585937	540.917969
5973.492228	0.788241	-25.585937	540.917969
5973.494228	0.786926	8.656185	0.133847
5974.542789	0.603138	-145.019531	12.597656
5974.544783	0.787713	-145.019531	12.597656
5974.546785	0.789378	-145.019531	12.597656
5974.548786	0.787568	8.663248	0.001838
5975.581363	0.782216	-27.343750	541.113281
5975.583366	0.790053	-27.343750	541.113281
5975.585366	0.788081	8.668894	0.205204
5976.625890	0.337646	-138.964844	13.183594
5976.627889	0.638173	-138.964844	13.183594
5976.629890	0.792191	-138.964844	13.183594
5976.633888	0.788995	8.678944	-0.009804
5977.673952	0.646008	-33.007812	552.050781
5977.677951	0.789098	-33.007812	552.050781
5977.679955	0.787477	8.662247	0.624646
5978.713988	0.595749	-132.128906	11.523437
5978.715995	0.786866	-132.128906	11.523437
5978.718002	0.789852	-132.128906	11.523437
5978.720002	0.787943	8.667369	-0.025995
5979.768084	0.654720	-35.839844	544.140625
5979.770088	0.791128	-35.839844	544.140625
5979.772085	0.789103	8.680131	0.000059
5980.802127	0.547856	-129.980469	6.835937
5980.804130	0.775425	-129.980469	6.835937
5980.808127	0.788001	-129.980469	6.835937
5980.810132	0.786654	8.653190	0.055410
5981.854181	0.379724	-37.792969	537.890625
5981.856181	0.675677	-37.792969	537.890625
5981.858181	0.682347	-37.792969	537.890625
5981.860183	0.789521	8.684731	-0.002289
5982.896235	0.401178	-141.992187	2.148437
5982.898236	0.693279	-141.992187	2.148437
5982.900236	0.792502	-141.992187	2.148437
5982.902236	0.789759	8.687345	-0.016460
5983.940225	0.748903	-37.792969	531.933594
5983.944226	0.787986	-37.792969	531.933594
5983.948227	0.785436	8.639799	-0.015729
5984.994257	0.377572	-141.406250	2.343750
5984.996257	0.673968	-141.406250	2.343750
5984.998262	0.792657	-141.406250	2.343750
5985.000263	0.790123	8.691351	0.002129
5986.022336	0.733075	-33.300781	546.386719
5986.026336	0.788582	-33.300781	546.386719
5986.028336	0.787061	8.657674	-0.022974
5987.092890	0.769316	-142.675781	5.175781
5987.094892	0.790684	-142.675781	5.175781
5987.096891	0.788481	8.673289	-0.001267
5988.108913	0.555036	-26.074219	542.382812
5988.112913	0.789696	-26.074219	542.382812
5988.114914	0.787661	-26.074219	542.382812
5988.116915	0.786351	8.649858	-0.029353
5989.179496	0.552166	-147.070312	8.886719
5989.181495	0.776725	-147.070312	8.886719
5989.183497	0.789818	-147.070312	8.886719
5989.185496	0.787818	8.665996	0.114653
5990.205539	0.747751	-26.269531	546.582031
5990.207540	0.790266	-26.269531	546.582031
5990.209539	0.787979	8.667768	-0.020262
5991.260474	0.508693	-141.210937	12.597656
5991.262475	0.760609	-141.210937	12.597656
5991.264476	0.790876	-141.210937	12.597656
5991.266476	0.788628	8.674903	-0.008321
5992.302539	0.374801	-32.324219	549.804687
5992.304540	0.671519	-32.324219	549.804687
5992.306540	0.792311	-32.324219	549.804687
5992.308541	0.789776	8.687531	-0.003365
5993.343523	0.542113	-137.500000	9.570312
5993.345526	0.773277	-137.500000	9.570312
5993.347527	0.789672	-137.500000	9.570312
5993.349525	0.787615	8.663762	0.039489
5994.395570	0.290256	-35.937500	538.964844
5994.397573	0.593166	-35.937500	538.964844
5994.399572	0.785982	-35.937500	538.964844
5994.401571	0.789348	-35.937500	538.964844
5994.403570	0.787391	8.661299	0.003661
5995.435609	0.472766	-139.648437	3.125000
5995.437610	0.742165	-139.648437	3.125000
5995.439612	0.791202	-139.648437	3.125000
5995.441610	0.788766	8.676427	-0.013873
5996.480554	0.390148	-39.062500	542.382812
5996.482556	0.684303	-39.062500	542.382812
5996.484556	0.791915	-39.062500	542.382812
5996.486557	0.789297	8.682267	-0.007364
5997.534577	0.666350	-134.472656	2.246094
5997.536576	0.791781	-134.472656	2.246094
5997.538578	0.789467	8.684136	-0.007601
5998.562606	0.427058	-36.035156	550.585937
5998.564608	0.712454	-36.035156	550.585937
5998.566607	0.791120	-36.035156	550.585937
5998.568608	0.788424	8.672660	-0.020056
5999.629204	0.521380	-142.187500	3.320312
5999.631206	0.765726	-142.187500	3.320312
5999.633205	0.790135	-142.187500	3.320312
5999.635205	0.787924	8.667166	0.005286
6000.651279	0.686386	-27.050781	531.738281
6000.653282	0.792144	-27.050781	531.738281
6000.655281	0.789355	8.682905	-0.027280
6001.721326	0.378877	-145.117187	6.054687
6001.723326	0.674958	-145.117187	6.054687
6001.725327	0.792463	-145.117187	6.054687
6001.727328	0.789931	8.689241	0.006522
6002.739333	0.481798	-23.828125	535.449219
6002.741334	0.747449	-23.828125	535.449219
6002.743336	0.791775	-23.828125	535.449219
6002.745335	0.789288	8.682169	-0.029458
6003.809379	0.552155	-147.070312	8.691406
6003.811380	0.776897	-147.070312	8.691406
6003.813380	0.790235	-147.070312	8.691406
6003.815383	0.788211	8.670321	0.123647
6004.837395	0.791194	-22.558594	533.984375
6004.839397	0.788785	-22.558594	533.984375
6004.841397	0.787301	8.660315	-0.016757
6005.893945	0.353361	-146.484375	10.156250
6005.895948	0.652597	-146.484375	10.156250
6005.897946	0.792035	-146.484375	10.156250
6005.899948	0.790058	8.690642	0.002454
6006.928003	0.480481	-23.632812	522.558594
6006.930004	0.746460	-23.632812	522.558594
6006.932005	0.791060	-23.632812	522.558594
6006.934004	0.788661	8.675274	-0.006054
6007.982049	0.680225	-139.843750	11.914062
6007.984052	0.791402	-139.843750	11.914062
6007.986052	0.788845	8.677295	-0.009790
6009.020106	0.415085	-28.515625	536.035156
6009.022108	0.703705	-28.515625	536.035156
6009.024106	0.791227	-28.515625	536.035156
6009.026109	0.788526	8.673786	-0.007297
6010.066133	0.337520	-145.800781	10.253906
6010.068134	0.637957	-145.800781	10.253906
6010.070135	0.790137	-145.800781	10.253906
6010.072134	0.788873	8.677605	-0.017049
6011.116185	0.780900	-27.441406	527.929687
6011.118192	0.789582	-27.441406	527.929687
6011.120196	0.787562	8.663186	0.201156
6012.154243	0.365294	-142.187500	9.667969
6012.156245	0.663205	-142.187500	9.667969
6012.158245	0.791461	-142.187500	9.667969
6012.160245	0.789183	8.681017	-0.016591
6013.204774	0.428272	-30.566406	531.933594
6013.206775	0.713337	-30.566406	531.933594
6013.208777	0.790981	-30.566406	531.933594
6013.210776	0.790871	8.699584	0.003866
6014.246801	0.519240	-135.546875	9.472656
6014.248804	0.764599	-135.546875	9.472656
6014.250803	0.789818	-135.546875	9.472656
6014.252803	0.787697	8.664666	-0.018181
6015.292874	0.296229	-29.296875	528.222656
6015.294877	0.598794	-29.296875	528.222656
6015.296884	0.788532	-29.296875	528.222656
6015.298886	0.791063	-29.296875	528.222656
6015.300886	0.789108	8.680193	0.001476
6016.334917	0.395525	-137.988281	9.375000
6016.336919	0.688825	-137.988281	9.375000
6016.338919	0.792767	-137.988281	9.375000
6016.340919	0.789972	8.689693	-0.019089
6017.382950	0.388428	-28.906250	529.394531
6017.384952	0.682819	-28.906250	529.394531
6017.386951	0.791735	-28.906250	529.394531
6017.388952	0.789165	8.680813	-0.001292
6018.426992	0.477097	-138.476562	9.277344
6018.428994	0.744168	-138.476562	9.277344
6018.430995	0.790374	-138.476562	9.277344
6018.432995	0.788043	8.668477	-0.012506
6019.471049	0.336316	-28.320312	534.863281
6019.473051	0.636798	-28.320312	534.863281
6019.475050	0.791305	-28.320312	534.863281
6019.477052	0.790106	8.691165	-0.001424
6020.519063	0.406427	-147.363281	9.570312
6020.521064	0.697285	-147.363281	9.570312
6020.523064	0.792005	-147.363281	9.570312
6020.527062	0.787678	8.664454	-0.014586
6021.558005	0.342547	-26.660156	543.750000
6021.560005	0.642629	-26.660156	543.750000
6021.562006	0.791238	-26.660156	543.750000
6021.564007	0.789637	8.686007	-0.009960
6022.614080	0.623462	-148.535156	9.472656
6022.616083	0.789113	-148.535156	9.472656
6022.618082	0.788778	8.676559	0.001365
6023.644602	0.450527	-21.777344	528.808594
6023.646602	0.728206	-21.777344	528.808594
6023.648602	0.790348	-21.777344	528.808594
6023.650605	0.787852	8.666368	-0.013028
6024.708662	0.545277	-153.515625	7.617187
6024.710663	0.774370	-153.515625	7.617187
6024.712664	0.789688	-153.515625	7.617187
6024.714663	0.787718	8.664897	0.074051
6025.730661	0.399059	-20.117187	521.972656
6025.732662	0.691470	-20.117187	521.972656
6025.734664	0.791813	-20.117187	521.972656
6025.736663	0.789158	8.680742	-0.026104
6026.800708	0.471984	-147.070312	5.371094
6026.802708	0.741406	-147.070312	5.371094
6026.806706	0.788179	-147.070312	5.371094
6026.808708	0.786807	8.654882	0.013044
6027.818759	0.424707	-23.437500	532.031250
6027.820763	0.710899	-23.437500	532.031250
6027.822761	0.791516	-23.437500	532.031250
6027.824762	0.788824	8.677065	-0.019836
6028.892832	0.561956	-148.925781	2.734375
6028.894835	0.779222	-148.925781	2.734375
6028.896835	0.789351	-148.925781	2.734375
6028.898834	0.787408	8.661485	0.018399
6029.909416	0.370497	-28.906250	537.304687
6029.911417	0.667730	-28.906250	537.304687
6029.913417	0.791571	-28.906250	537.304687
6029.915417	0.789198	8.681177	-0.024251
6030.977471	0.374643	-150.390625	-1.171875
6030.979474	0.671311	-150.390625	-1.171875
6030.981473	0.792048	-150.390625	-1.171875
6030.983472	0.789576	8.685333	0.007589
6032.005511	0.518162	-37.695312	550.488281
6032.007513	0.764165	-37.695312	550.488281
6032.009513	0.789654	-37.695312	550.488281
6032.013512	0.786106	8.647163	-0.017139
6033.062039	0.635511	-139.257812	-1.171875
6033.064042	0.790514	-139.257812	-1.171875
6033.066041	0.789300	8.682302	0.002508
6034.106107	0.792400	-36.718750	532.519531
6034.108107	0.792466	-36.718750	532.519531
6034.110108	0.788571	8.674282	-0.003918
6035.146140	0.730639	-142.089844	0.390625
6035.148142	0.790779	-142.089844	0.390625
6035.152141	0.786779	8.654572	-0.014902
6036.197086	0.418401	-33.886719	540.332031
6036.199088	0.706310	-33.886719	540.332031
6036.201087	0.791796	-33.886719	540.332031
6036.203087	0.789052	8.679573	0.005697
6037.233155	0.538864	-136.816406	6.054687
6037.235157	0.772251	-136.816406	6.054687
6037.237158	0.789747	-136.816406	6.054687
6037.239155	0.787649	8.664135	0.022762
6038.285134	0.274986	-29.394531	530.859375
6038.287136	0.578548	-29.394531	530.859375
6038.289137	0.783188	-29.394531	530.859375
6038.291137	0.789320	-29.394531	530.859375
6038.293136	0.787429	8.661724	0.008987
6039.329142	0.725369	-138.671875	9.570312
6039.333142	0.788076	-138.671875	9.570312
6039.335143	0.786597	8.652569	-0.014502
6040.369189	0.467352	-25.097656	535.449219
6040.371190	0.738700	-25.097656	535.449219
6040.373190	0.790679	-25.097656	535.449219
6040.375192	0.788202	8.670223	0.000298
6041.427760	0.761671	-152.246094	7.226562
6041.429761	0.789713	-152.246094	7.226562
6041.431761	0.787508	8.662593	0.001544
6042.450667	0.261350	-19.628906	527.441406
6042.452670	0.565563	-19.628906	527.441406
6042.454670	0.572667	-19.628906	527.441406
6042.456671	0.789266	-19.628906	527.441406
6042.458670	0.787270	8.659969	-0.011966
6043.520653	0.635746	-150.781250	4.101562
6043.522655	0.790218	-150.781250	4.101562
6043.524654	0.789021	8.679227	0.021312
6044.538678	0.432080	-22.949219	543.457031
6044.540680	0.715920	-22.949219	543.457031
6044.542679	0.790974	-22.949219	543.457031
6044.544680	0.788352	8.671871	-0.022035
6045.611250	0.342168	-152.148437	1.464844
6045.613252	0.642272	-152.148437	1.464844
6045.615251	0.790931	-152.148437	1.464844
6045.617252	0.789390	8.683287	0.018521
6046.631775	0.786207	-30.371094	552.929687
6046.633778	0.789021	-30.371094	552.929687
6046.635778	0.787148	8.658631	0.340215
6047.699795	0.434031	-143.652344	-0.976562
6047.701794	0.717271	-143.652344	-0.976562
6047.703795	0.790718	-143.652344	-0.976562
6047.705794	0.788169	8.669860	0.008064
6048.721858	0.374577	-34.277344	555.761719
6048.723862	0.671241	-34.277344	555.761719
6048.725862	0.792242	-34.277344	555.761719
6048.727862	0.789726	8.686981	-0.024735
6049.787863	0.530554	-141.308594	-1.660156
6049.789864	0.769372	-141.308594	-1.660156
6049.791862	0.790123	-141.308594	-1.660156
6049.793865	0.789997	8.689968	0.008451
6050.817931	0.767493	-37.109375	550.976562
6050.819934	0.789594	-37.109375	550.976562
6050.821933	0.787540	8.662938	-0.008112
6051.872434	0.333122	-144.238281	-2.636719
6051.876432	0.789915	-144.238281	-2.636719
6051.878435	0.788811	-144.238281	-2.636719
6051.880434	0.787088	8.657967	0.010404
6052.909037	0.533528	-40.625000	558.300781
6052.911040	0.771118	-40.625000	558.300781
6052.913039	0.791062	-40.625000	558.300781
6052.917040	0.787479	8.662273	0.008375
6053.959035	0.362934	-138.671875	-2.636719
6053.961037	0.661114	-138.671875	-2.636719
6053.965037	0.789948	-138.671875	-2.636719
6053.967037	0.788226	8.670488	0.003222
6055.001077	0.457934	-40.039062	554.101562
6055.003079	0.733077	-40.039062	554.101562
6055.005080	0.790892	-40.039062	554.101562
6055.007079	0.788450	8.672953	0.000139
6056.049638	0.456841	-137.792969	-1.464844
6056.051640	0.732384	-137.792969	-1.464844
6056.053640	0.790808	-137.792969	-1.464844
6056.055640	0.788233	8.670560	-0.004191
6057.093696	0.623740	-40.039062	554.003906
6057.095699	0.789357	-40.039062	554.003906
6057.097698	0.789002	8.679024	0.009130
6058.136228	0.330032	-135.058594	-0.781250
6058.140228	0.790016	-135.058594	-0.781250
6058.144228	0.787367	-135.058594	-0.781250
6058.146229	0.786186	8.648041	-0.010509
6059.188261	0.791202	-38.964844	550.585937
6059.190264	0.791103	-38.964844	550.585937
6059.192264	0.786985	8.656832	0.005268
6060.228826	0.755114	-143.457031	-2.246094
6060.230828	0.789884	-143.457031	-2.246094
6060.232827	0.787595	8.663541	-0.011382
6061.273772	0.410142	-36.328125	537.109375
6061.275775	0.700030	-36.328125	537.109375
6061.277775	0.791468	-36.328125	537.109375
6061.279773	0.788814	8.676950	0.001183
6062.318252	0.639401	-141.796875	-2.832031
6062.320256	0.790511	-141.796875	-2.832031
6062.322254	0.789140	8.680538	0.574593
6063.363218	0.483228	-36.621094	536.425781
6063.365220	0.747830	-36.621094	536.425781
6063.367220	0.790930	-36.621094	536.425781
6063.369220	0.788520	8.673723	-0.002137
6064.409211	0.779577	-136.328125	-2.343750
6064.411215	0.789258	-136.328125	-2.343750
6064.413212	0.787395	8.661343	0.174985
6065.453244	0.642552	-41.308594	557.714844
6065.455247	0.790373	-41.308594	557.714844
6065.457248	0.788813	8.676941	-0.004688
6066.499350	0.426636	-139.160156	-2.929687
6066.501352	0.711967	-139.160156	-2.929687
6066.503354	0.716352	-139.160156	-2.929687
6066.505352	0.787810	8.665907	-0.000921
6067.539379	0.372701	-36.718750	542.382812
6067.541379	0.669554	-36.718750	542.382812
6067.543380	0.791763	-36.718750	542.382812
6067.545380	0.789295	8.682249	-0.001615
6068.591399	0.429377	-142.871094	-4.101562
6068.593401	0.714064	-142.871094	-4.101562
6068.595399	0.791043	-142.871094	-4.101562
6068.597402	0.788374	8.672119	0.007648
6069.627404	0.538570	-36.523437	546.777344
6069.629404	0.771984	-36.523437	546.777344
6069.631404	0.789667	-36.523437	546.777344
6069.635403	0.786218	8.648396	0.036514
6070.685453	0.576308	-146.289062	-4.882812
6070.687453	0.782438	-146.289062	-4.882812
6070.689453	0.789042	-146.289062	-4.882812
6070.691453	0.786961	8.656575	0.013795
6071.714031	0.647590	-31.347656	531.542969
6071.716033	0.790889	-31.347656	531.542969
6071.718032	0.789104	8.680149	-0.017758
6072.780062	0.653348	-143.750000	-3.222656
6072.782062	0.791516	-143.750000	-3.222656
6072.784062	0.789449	8.683942	0.010672
6073.802136	0.728957	-31.054687	549.121094
6073.804136	0.791060	-31.054687	549.121094
6073.806138	0.788499	8.673485	-0.018615
6074.872704	0.667116	-150.878906	-2.441406
6074.874708	0.791838	-150.878906	-2.441406
6074.876711	0.789472	8.684190	0.023123
6075.889236	0.547378	-24.609375	536.914062
6075.891236	0.555864	-24.609375	536.914062
6075.893236	0.790233	-24.609375	536.914062
6075.895237	0.788186	8.670046	0.061930
6076.961277	0.381194	-150.097656	0.878906
6076.963276	0.676833	-150.097656	0.878906
6076.965276	0.791843	-150.097656	0.878906
6076.967277	0.789275	8.682028	0.021987
6077.981327	0.701063	-22.753906	540.136719
6077.983328	0.791959	-22.753906	540.136719
6077.985329	0.789188	8.681070	-0.028201
6079.051949	0.780539	-148.242187	3.515625
6079.053951	0.789113	-148.242187	3.515625
6079.055951	0.787160	8.658755	0.018538
6080.073974	0.419327	-19.433594	520.703125
6080.075973	0.706678	-19.433594	520.703125
6080.077973	0.790779	-19.433594	520.703125
6080.079971	0.788138	8.669514	-0.009000
6081.134060	0.531945	-150.292969	4.687500
6081.136062	0.769897	-150.292969	4.687500
6081.138062	0.790174	-150.292969	4.687500
6081.140062	0.788094	8.669036	0.012318
6082.170109	0.496413	-22.753906	520.898437
6082.172111	0.754342	-22.753906	520.898437
6082.174112	0.790149	-22.753906	520.898437
6082.176111	0.787874	8.666615	0.005816
6083.218126	0.564408	-143.554687	5.566406
6083.220126	0.780464	-143.554687	5.566406
6083.222127	0.790103	-143.554687	5.566406
6083.224128	0.788170	8.669868	0.177950
6084.266177	0.565003	-30.371094	538.085937
6084.268179	0.780328	-30.371094	538.085937
6084.270178	0.789747	-30.371094	538.085937
6084.272178	0.787740	8.665136	0.195697
6085.303113	0.431138	-136.914062	3.222656
6085.305117	0.715183	-136.914062	3.222656
6085.307117	0.790657	-136.914062	3.222656
6085.309115	0.788082	8.668902	-0.014536
6086.357123	0.402727	-33.886719	535.253906
6086.361125	0.792516	-33.886719	535.253906
6086.363126	0.789660	-33.886719	535.253906
6086.365129	0.788016	8.668176	0.017647
6087.393170	0.365620	-136.718750	-1.757812
6087.395171	0.663199	-136.718750	-1.757812
6087.397170	0.790955	-136.718750	-1.757812
6087.399172	0.788700	8.675700	-0.011345
6088.445204	0.499920	-36.914062	538.867187
6088.449204	0.790348	-36.914062	538.867187
6088.451208	0.788049	-36.914062	538.867187
6088.453207	0.786592	8.652516	0.014471
6089.487211	0.437307	-143.847656	-5.566406
6089.489213	0.719502	-143.847656	-5.566406
6089.491213	0.790791	-143.847656	-5.566406
6089.493212	0.788155	8.669700	-0.007260
6090.530163	0.439142	-37.304687	538.867187
6090.532165	0.720639	-37.304687	538.867187
6090.536164	0.787902	-37.304687	538.867187
6090.538170	0.786230	8.648528	0.007821
6091.582210	0.497978	-141.015625	-5.566406
6091.584211	0.754917	-141.015625	-5.566406
6091.586213	0.789802	-141.015625	-5.566406
6091.588212	0.787595	8.663541	0.011338
6092.616243	0.542383	-36.328125	541.015625
6092.618245	0.773641	-36.328125	541.015625
6092.620244	0.790086	-36.328125	541.015625
6092.622246	0.787947	8.667414	0.066555
6093.676273	0.496344	-146.484375	-6.347656
6093.678275	0.754550	-146.484375	-6.347656
6093.680275	0.790796	-146.484375	-6.347656
6093.682275	0.788478	8.673254	0.020718
6094.702363	0.501253	-32.128906	537.011719
6094.704364	0.756493	-32.128906	537.011719
6094.706366	0.789813	-32.128906	537.011719
6094.712362	0.785104	8.636147	-0.009458
6095.768404	0.433751	-151.074219	-5.273437
6095.770405	0.716988	-151.074219	-5.273437
6095.772405	0.790740	-151.074219	-5.273437
6095.774405	0.788155	8.669709	0.022596
6096.792978	0.766642	-29.687500	541.699219
6096.796976	0.787923	-29.687500	541.699219
6096.798978	0.786496	8.651453	-0.009287
6097.859005	0.291617	-149.023437	-4.296875
6097.861005	0.594252	-149.023437	-4.296875
6097.863005	0.786029	-149.023437	-4.296875
6097.865006	0.789154	-149.023437	-4.296875
6097.867005	0.787295	8.660244	0.030641
6098.877066	0.243962	-27.636719	546.679687
6098.879065	0.549440	-27.636719	546.679687
6098.881067	0.775527	-27.636719	546.679687
6098.883066	0.789389	-27.636719	546.679687
6098.885067	0.787402	8.661423	-0.014271
6099.951991	0.362883	-152.636719	-3.613281
6099.953993	0.661062	-152.636719	-3.613281
6099.955993	0.792541	-152.636719	-3.613281
6099.957993	0.790224	8.692468	0.029079
6100.968046	0.696792	-23.339844	529.101562
6100.970047	0.791386	-23.339844	529.101562
6100.972048	0.788744	8.676188	-0.024777
6102.042112	0.535829	-150.683594	-2.539062
6102.044113	0.771161	-150.683594	-2.539062
6102.046114	0.789791	-150.683594	-2.539062
6102.048114	0.787750	8.665252	0.046975
6103.058166	0.420794	-23.242187	535.449219
6103.060168	0.707769	-23.242187	535.449219
6103.062169	0.711834	-23.242187	535.449219
6103.064169	0.788097	8.669062	-0.018509
6104.136171	0.789726	-153.613281	-2.343750
6104.138173	0.787691	8.664596	0.113393
6105.148704	0.578586	-20.996094	526.757812
6105.150704	0.783702	-20.996094	526.757812
6105.152706	0.789976	-20.996094	526.757812
6105.154704	0.788068	8.668752	0.234045
6106.222753	0.635752	-154.296875	-2.832031
6106.224755	0.790525	-154.296875	-2.832031
6106.226756	0.789366	8.683029	0.588289
6107.237303	0.372156	-21.484375	530.957031
6107.239306	0.669046	-21.484375	530.957031
6107.243303	0.789063	-21.484375	530.957031
6107.245305	0.787400	8.661396	-0.013368
6108.311348	0.428605	-149.511719	-2.929687
6108.313351	0.713468	-149.511719	-2.929687
6108.315350	0.790870	-149.511719	-2.929687
6108.317350	0.788252	8.670773	0.026058
6109.327403	0.310456	-23.339844	536.035156
6109.329406	0.612281	-23.339844	536.035156
6109.333403	0.789288	-23.339844	536.035156
6109.335406	0.787468	8.662149	-0.016672
6110.403430	0.765482	-153.027344	-4.199219
6110.405433	0.789674	-153.027344	-4.199219
6110.407431	0.787561	8.663168	0.019624
6111.417992	0.405100	-24.609375	532.617187
6111.419992	0.696319	-24.609375	532.617187
6111.421992	0.792577	-24.609375	532.617187
6111.423991	0.789831	8.688143	-0.019221
6112.492064	0.635314	-154.492187	-5.664062
6112.496064	0.787826	-154.492187	-5.664062
6112.500066	0.785255	8.637804	0.022600
6113.509065	0.414424	-27.832031	538.671875
6113.511067	0.702968	-27.832031	538.671875
6113.513066	0.706530	-27.832031	538.671875
6113.515068	0.787944	8.667387	-0.008561
6114.579107	0.483892	-145.117187	-5.468750
6114.581109	0.747556	-145.117187	-5.468750
6114.583110	0.789567	-145.117187	-5.468750
6114.585109	0.787346	8.660811	0.019727
6115.601132	0.420031	-30.957031	538.964844
6115.605134	0.790842	-30.957031	538.964844
6115.607134	0.788278	-30.957031	538.964844
6115.609135	0.786694	8.653632	-0.005177
6116.665200	0.281591	-146.191406	-6.738281
6116.667202	0.584741	-146.191406	-6.738281
6116.669202	0.784586	-146.191406	-6.738281
6116.671201	0.789502	-146.191406	-6.738281
6116.673202	0.787622	8.663842	0.022898
6117.695242	0.577087	-32.226562	533.105469
6117.699243	0.789064	-32.226562	533.105469
6117.703244	0.785880	-32.226562	533.105469
6117.707243	0.784092	8.625017	0.250219
6118.751307	0.315966	-142.578125	-6.542969
6118.753307	0.617570	-142.578125	-6.542969
6118.755307	0.788868	-142.578125	-6.542969
6118.757307	0.788993	8.678926	0.010271
6119.793358	0.790731	-38.964844	550.390625
6119.795358	0.788078	-38.964844	550.390625
6119.797360	0.786530	8.651834	0.007203
6120.837905	0.423513	-139.257812	-6.738281
6120.839904	0.709692	-139.257812	-6.738281
6120.841904	0.790533	-139.257812	-6.738281
6120.845903	0.786421	8.650628	0.004823
6121.885990	0.761500	-33.593750	529.492187
6121.887991	0.790253	-33.593750	529.492187
6121.889992	0.788161	8.669771	0.012468
6122.924026	0.383560	-141.308594	-4.785156
6122.926028	0.678761	-141.308594	-4.785156
6122.928029	0.791991	-141.308594	-4.785156
6122.930029	0.789410	8.683507	-0.002370
6123.976073	0.444601	-33.789062	531.054687
6123.978081	0.724294	-33.789062	531.054687
6123.980086	0.790395	-33.789062	531.054687
6123.982086	0.787921	8.667130	0.019420
6125.012076	0.553897	-142.089844	-2.050781
6125.014077	0.778278	-142.089844	-2.050781
6125.016076	0.791398	-142.089844	-2.050781
6125.018075	0.789263	8.681894	0.122452
6126.066106	0.452154	-30.859375	529.296875
6126.068109	0.729319	-30.859375	529.296875
6126.070108	0.790798	-30.859375	529.296875
6126.072109	0.788302	8.671322	0.023322
6127.102114	0.250334	-150.000000	1.464844
6127.104116	0.555188	-150.000000	1.464844
6127.106117	0.777150	-150.000000	1.464844
6127.108117	0.789303	-150.000000	1.464844
6127.110117	0.787255	8.659810	-0.005150
6128.152655	0.317330	-26.757812	526.855469
6128.154656	0.618738	-26.757812	526.855469
6128.156657	0.790309	-26.757812	526.855469
6128.158659	0.790351	8.693859	0.020709
6129.197619	0.391923	-148.632812	3.710937
6129.199621	0.685636	-148.632812	3.710937
6129.201619	0.791848	-148.632812	3.710937
6129.203621	0.789212	8.681327	0.013553
6130.239681	0.706195	-20.703125	521.875000
6130.241683	0.790585	-20.703125	521.875000
6130.243686	0.787941	8.667352	0.008758
6131.294271	0.468523	-153.320312	2.832031
6131.296272	0.739164	-153.320312	2.832031
6131.298273	0.744550	-153.320312	2.832031
6131.302271	0.786160	8.647758	0.025316
6132.324290	0.770464	-17.382812	522.460937
6132.328288	0.787840	-17.382812	522.460937
6132.330292	0.786414	8.650558	0.002393
6133.388896	0.473651	-156.835937	-0.585937
6133.390896	0.742261	-156.835937	-0.585937
6133.392898	0.790457	-156.835937	-0.585937
6133.394898	0.788064	8.668699	0.029902
6134.407418	0.262672	-17.773437	530.175781
6134.409426	0.566736	-17.773437	530.175781
6134.411427	0.780567	-17.773437	530.175781
6134.413425	0.789227	-17.773437	530.175781
6134.415425	0.787247	8.659721	-0.007196
6135.481946	0.550195	-152.343750	-1.757812
6135.483948	0.776031	-152.343750	-1.757812
6135.485947	0.789785	-152.343750	-1.757812
6135.489946	0.786393	8.650318	0.031897
6136.495989	0.281900	-20.019531	535.449219
6136.497990	0.585015	-20.019531	535.449219
6136.499993	0.784154	-20.019531	535.449219
6136.501990	0.788907	-20.019531	535.449219
6136.503990	0.787015	8.657169	-0.008362
6137.570562	0.344321	-151.367187	-4.003906
6137.572565	0.644323	-151.367187	-4.003906
6137.574564	0.791769	-151.367187	-4.003906
6137.578562	0.788411	8.672519	0.028359
6138.586593	0.378743	-22.656250	534.765625
6138.588594	0.674749	-22.656250	534.765625
6138.590595	0.792173	-22.656250	534.765625
6138.592594	0.789582	8.685404	-0.012499
6139.660608	0.431773	-153.320312	-5.859375
6139.662607	0.715594	-153.320312	-5.859375
6139.664608	0.790677	-153.320312	-5.859375
6139.666607	0.788006	8.668061	0.035958
6140.678643	0.611803	-29.003906	550.976562
6140.680645	0.788252	-29.003906	550.976562
6140.682645	0.789015	8.679165	-0.017978
6141.748680	0.293675	-153.320312	-7.226562
6141.752679	0.786314	-153.320312	-7.226562
6141.754681	0.789249	-153.320312	-7.226562
6141.756680	0.787356	8.660917	0.038404
6142.768707	0.471473	-26.855469	536.035156
6142.770709	0.740898	-26.855469	536.035156
6142.774708	0.787781	-26.855469	536.035156
6142.776708	0.786286	8.649149	-0.007396
6143.838723	1.506983	-151.464844	-7.519531
6143.840724	0.678841	-151.464844	-7.519531
6143.842724	0.791616	-151.464844	-7.519531
6143.844724	0.789019	8.679210	0.032689
6144.858779	0.328632	-27.050781	537.207031
6144.860781	0.629491	-27.050781	537.207031
6144.862781	0.790177	-27.050781	537.207031
6144.864781	0.790482	8.695303	-0.004152
6145.930800	0.742686	-147.363281	-7.910156
6145.934800	0.787467	-147.363281	-7.910156
6145.936803	0.785960	8.645559	0.029287
6146.948867	0.499239	-27.539062	532.128906
6146.950869	0.755650	-27.539062	532.128906
6146.952868	0.790033	-27.539062	532.128906
6146.954869	0.787736	8.665100	-0.011547
6148.018893	0.491742	-151.171875	-8.105469
6148.020896	0.751660	-151.171875	-8.105469
6148.022894	0.789742	-151.171875	-8.105469
6148.024895	0.787512	8.662637	0.036217
6149.040906	0.759141	-28.710937	544.531250
6149.042908	0.790182	-28.710937	544.531250
6149.044908	0.788040	8.668442	-0.007331
6150.109416	0.339869	-156.445312	-8.007812
6150.111420	0.640016	-156.445312	-8.007812
6150.113419	0.790934	-156.445312	-8.007812
6150.115418	0.789569	8.685263	0.040448
6151.127960	0.521262	-22.851562	525.878906
6151.129961	0.765284	-22.851562	525.878906
6151.131959	0.789503	-22.851562	525.878906
6151.133961	0.787429	8.661716	-0.014381
6152.199952	0.265118	-154.980469	-6.445312
6152.201956	0.568989	-154.980469	-6.445312
6152.205953	0.789602	-154.980469	-6.445312
6152.207956	0.787630	-154.980469	-6.445312
6152.209956	0.786304	8.649343	0.038708
6153.216041	0.390331	-20.410156	526.269531
6153.218043	0.684608	-20.410156	526.269531
6153.220044	0.793518	-20.410156	526.269531
6153.222045	0.790754	8.698298	-0.011292
6154.292077	0.515176	-156.933594	-5.468750
6154.294078	0.762717	-156.933594	-5.468750
6154.296078	0.789548	-156.933594	-5.468750
6154.298080	0.787421	8.661635	0.040722
6155.306619	0.402420	-19.921875	531.445312
6155.308618	0.693902	-19.921875	531.445312
6155.310618	0.791425	-19.921875	531.445312
6155.312618	0.788669	8.675364	-0.007357
6156.380665	0.460646	-158.007812	-3.906250
6156.382666	0.734518	-158.007812	-3.906250
6156.384668	0.790331	-158.007812	-3.906250
6156.386666	0.787956	8.667511	0.039901
6157.400681	0.778033	-17.675781	526.660156
6157.402683	0.789036	-17.675781	526.660156
6157.404682	0.787010	8.657115	0.151196
6158.469291	0.561781	-157.128906	-2.246094
6158.471293	0.779176	-157.128906	-2.246094
6158.475290	0.787303	-157.128906	-2.246094
6158.477294	0.785964	8.645603	0.202919
6159.491345	0.500670	-18.847656	524.609375
6159.495346	0.789704	-18.847656	524.609375
6159.497348	0.787498	-18.847656	524.609375
6159.499350	0.786052	8.646569	-0.000777
6160.555920	0.671423	-161.425781	-0.195312
6160.557922	0.790756	-161.425781	-0.195312
6160.559922	0.788416	8.672581	0.028442
6161.585919	0.422974	-19.921875	519.042969
6161.587921	0.709338	-19.921875	519.042969
6161.589921	0.790760	-19.921875	519.042969
6161.591920	0.788105	8.669160	0.019288
6162.638455	0.321603	-154.394531	2.246094
6162.642455	0.789554	-154.394531	2.246094
6162.644457	0.789244	-154.394531	2.246094
6162.646458	0.787333	8.660661	0.021917
6163.680455	0.337113	-25.097656	521.875000
6163.682457	0.637516	-25.097656	521.875000
6163.684458	0.791435	-25.097656	521.875000
6163.686457	0.790114	8.691254	0.017017
6164.723341	0.327607	-146.679687	1.562500
6164.725342	0.628582	-146.679687	1.562500
6164.727344	0.789757	-146.679687	1.562500
6164.729343	0.789057	8.679626	0.011953
6165.775353	0.460935	-28.027344	520.605469
6165.777355	0.735193	-28.027344	520.605469
6165.779356	0.791610	-28.027344	520.605469
6165.781356	0.789004	8.679041	0.026391
6166.811435	0.506204	-144.238281	-2.539062
6166.813437	0.758700	-144.238281	-2.539062
6166.815437	0.789627	-144.238281	-2.539062
6166.817437	0.787524	8.662762	0.003986
6167.865479	0.326830	-33.300781	528.515625
6167.869479	0.792892	-33.300781	528.515625
6167.871484	0.792452	-33.300781	528.515625
6167.873482	0.790506	8.695569	0.031585
6168.901543	0.522189	-144.042969	-6.445312
6168.903545	0.765821	-144.042969	-6.445312
6168.905546	0.789837	-144.042969	-6.445312
6168.907546	0.787733	8.665065	0.006299
6169.955560	0.570763	-37.988281	540.332031
6169.957563	0.579533	-37.988281	540.332031
6169.959562	0.788896	-37.988281	540.332031
6169.961563	0.786969	8.656655	0.238606
6170.992522	0.284681	-148.925781	-10.253906
6170.994524	0.587580	-148.925781	-10.253906
6170.996525	0.785504	-148.925781	-10.253906
6170.998525	0.789949	-148.925781	-10.253906
6171.000524	0.788019	8.668211	0.006385
6172.040564	0.361058	-37.109375	537.500000
6172.042564	0.659394	-37.109375	537.500000
6172.044566	0.792205	-37.109375	537.500000
6172.046565	0.790028	8.690305	0.027425
6173.088606	0.764157	-147.558594	-11.230469
6173.090609	0.790055	-147.558594	-11.230469
6173.092609	0.787866	8.666527	0.020937
6174.129138	0.534540	-41.406250	551.953125
6174.131142	0.770780	-41.406250	551.953125
6174.133141	0.789960	-41.406250	551.953125
6174.135141	0.789827	8.688098	0.030518
6175.181123	0.719432	-151.367187	-12.988281
6175.183127	0.790576	-151.367187	-12.988281
6175.185126	0.788080	8.668876	0.015638
6176.216064	0.459187	-38.867187	548.242187
6176.218066	0.733567	-38.867187	548.242187
6176.220066	0.790261	-38.867187	548.242187
6176.222066	0.790164	8.691803	0.024694
6177.272637	0.582091	-151.562500	-12.500000
6177.274638	0.783936	-151.562500	-12.500000
6177.276638	0.789306	-151.562500	-12.500000
6177.278638	0.787330	8.660625	0.294372
6178.304650	0.480197	-35.644531	542.382812
6178.306656	0.499258	-35.644531	542.382812
6178.308658	0.789801	-35.644531	542.382812
6178.310658	0.787493	8.662424	0.010005
6179.362721	0.445713	-150.292969	-12.207031
6179.364724	0.725285	-150.292969	-12.207031
6179.368722	0.788581	-150.292969	-12.207031
6179.370723	0.787101	8.658108	0.038221
6180.393281	0.507398	-37.207031	551.757812
6180.395284	0.759617	-37.207031	551.757812
6180.397283	0.790300	-37.207031	551.757812
6180.399282	0.788134	8.669478	0.007072
6181.455274	0.673203	-155.273437	-12.597656
6181.457274	0.792004	-155.273437	-12.597656
6181.459279	0.789502	8.684526	0.023635
6182.483265	0.659521	-32.519531	534.570312
6182.485267	0.791457	-32.519531	534.570312
6182.487267	0.789255	8.681806	0.009616
6183.543306	0.459429	-146.386719	-11.816406
6183.545306	0.733778	-146.386719	-11.816406
6183.547305	0.790541	-146.386719	-11.816406
6183.549306	0.788018	8.668202	0.030519
6184.571319	0.371241	-32.421875	534.472656
6184.573320	0.668274	-32.421875	534.472656
6184.575320	0.791587	-32.421875	534.472656
6184.577320	0.789254	8.681797	0.005024
6185.633383	0.551919	-150.195312	-12.402344
6185.635386	0.776107	-150.195312	-12.402344
6185.637385	0.789145	-150.195312	-12.402344
6185.639387	0.787209	8.659296	0.034979
6186.663902	0.531447	-34.960937	537.304687
6186.665902	0.769134	-34.960937	537.304687
6186.667904	0.789238	-34.960937	537.304687
6186.669904	0.787167	8.658835	0.025685
6187.719918	0.340470	-150.195312	-12.695312
6187.721918	0.640542	-150.195312	-12.695312
6187.723918	0.790394	-150.195312	-12.695312
6187.725919	0.789004	8.679041	0.032049
6188.755987	0.616218	-40.136719	551.269531
6188.757988	0.789157	-40.136719	551.269531
6188.759990	0.789351	8.682861	0.013927
6189.808948	0.429798	-150.488281	-13.281250
6189.810949	0.714013	-150.488281	-13.281250
6189.812950	0.790332	-150.488281	-13.281250
6189.814948	0.787761	8.665367	0.025529
6190.847969	0.532816	-39.941406	545.410156
6190.849972	0.769726	-39.941406	545.410156
6190.853970	0.787396	-39.941406	545.410156
6190.855972	0.785981	8.645790	0.029074
6191.894506	0.298867	-144.433594	-12.011719
6191.896533	0.601104	-144.433594	-12.011719
6191.898531	0.788058	-144.433594	-12.011719
6191.900531	0.789722	-144.433594	-12.011719
6191.902532	0.787776	8.665535	0.026937
6192.942573	0.737573	-35.644531	530.273437
6192.944576	0.790368	-35.644531	530.273437
6192.946575	0.787911	8.667024	0.027688
6193.982646	0.486430	-146.289062	-11.523437
6193.984647	0.748934	-146.289062	-11.523437
6193.986646	0.789727	-146.289062	-11.523437
6193.988649	0.787397	8.661370	0.015359
6195.033211	0.403152	-39.062500	541.015625
6195.035213	0.694676	-39.062500	541.015625
6195.037213	0.791831	-39.062500	541.015625
6195.039212	0.789131	8.680442	0.026208
6196.073242	0.784717	-148.828125	-9.375000
6196.075242	0.789498	-148.828125	-9.375000
6196.077241	0.787570	8.663275	0.293346
6197.125288	0.487204	-33.398437	528.417969
6197.127289	0.749692	-33.398437	528.417969
6197.129289	0.790373	-33.398437	528.417969
6197.131289	0.788005	8.668052	0.036356
6198.161358	0.733976	-143.945312	-5.273437
6198.163360	0.789822	-143.945312	-5.273437
6198.165361	0.787483	8.662318	0.002663
6199.213420	0.360561	-28.222656	513.183594
6199.215422	0.658858	-28.222656	513.183594
6199.217422	0.792007	-28.222656	513.183594
6199.219422	0.789889	8.688781	0.034756
6200.251469	0.472354	-151.367187	-2.441406
6200.253469	0.741242	-151.367187	-2.441406
6200.255468	0.789969	-151.367187	-2.441406
6200.257467	0.787575	8.663328	0.013738
6201.301553	1.841543	-26.074219	517.578125
6201.303554	0.789610	-26.074219	517.578125
6201.305553	0.789639	8.686025	0.499479
6202.343588	0.328403	-155.761719	-1.074219
6202.345589	0.629274	-155.761719	-1.074219
6202.347589	0.790496	-155.761719	-1.074219
6202.349590	0.789710	8.686813	0.025921
6203.387691	0.657111	-22.265625	515.625000
6203.389692	0.791155	-22.265625	515.625000
6203.391693	0.789109	8.680202	0.693467
6204.439717	0.330184	-162.109375	-1.757812
6204.441720	0.630970	-162.109375	-1.757812
6204.443719	0.789620	-162.109375	-1.757812
6204.445719	0.788704	8.675744	0.034180
6205.470601	0.442923	-14.062500	504.199219
6205.472604	0.723245	-14.062500	504.199219
6205.474604	0.790614	-14.062500	504.199219
6205.476604	0.788064	8.668707	0.022016
6206.536600	0.671501	-160.644531	-2.929687
6206.538603	0.790551	-160.644531	-2.929687
6206.540602	0.788247	8.670719	0.042300
6207.560637	0.770096	-14.746094	512.109375
6207.562638	0.789585	-14.746094	512.109375
6207.564637	0.787517	8.662690	0.024306
6208.630686	0.787660	-165.332031	-6.640625
6208.632690	0.788310	-165.332031	-6.640625
6208.634689	0.787215	8.659367	0.049610
6209.643654	0.324876	-16.601562	520.117187
6209.645654	0.625899	-16.601562	520.117187
6209.647654	0.789854	-16.601562	520.117187
6209.649653	0.789382	8.683207	0.006021
6210.719650	0.522323	-160.937500	-7.714844
6210.721652	0.766083	-160.937500	-7.714844
6210.723651	0.790211	-160.937500	-7.714844
6210.725652	0.787974	8.667715	0.058229
6211.733737	0.340949	-16.015625	513.964844
6211.735739	0.641034	-16.015625	513.964844
6211.737739	0.791497	-16.015625	513.964844
6211.739740	0.789971	8.689685	-0.002806
6212.810241	0.460324	-160.058594	-9.277344
6212.812244	0.734051	-160.058594	-9.277344
6212.814243	0.789879	-160.058594	-9.277344
6212.816244	0.787508	8.662593	0.054277
6213.824284	0.655040	-19.042969	520.800781
6213.826286	0.790016	-19.042969	520.800781
6213.828288	0.788173	8.669904	-0.000311
6214.900300	0.549171	-161.914062	-10.058594
6214.902303	0.774947	-161.914062	-10.058594
6214.904303	0.788839	-161.914062	-10.058594
6214.906303	0.786845	8.655290	0.059785
6215.912856	0.367969	-20.214844	523.925781
6215.914860	0.665446	-20.214844	523.925781
6215.916860	0.791559	-20.214844	523.925781
6215.918859	0.789239	8.681629	0.003577
6216.988901	0.340660	-157.617187	-10.253906
6216.990903	0.640775	-157.617187	-10.253906
6216.992904	0.790340	-157.617187	-10.253906
6216.994904	0.788896	8.677854	0.052530
6218.002933	0.458933	-21.875000	530.664062
6218.004932	0.733239	-21.875000	530.664062
6218.006935	0.789879	-21.875000	530.664062
6218.008932	0.787421	8.661627	0.001468
6219.078984	0.274762	-159.082031	-10.937500
6219.080984	0.578191	-159.082031	-10.937500
6219.082985	0.782835	-159.082031	-10.937500
6219.084984	0.788983	-159.082031	-10.937500
6219.086983	0.786961	8.656575	0.061799
6220.093043	0.631554	-18.652344	520.898437
6220.095046	0.789985	-18.652344	520.898437
6220.097044	0.789137	8.680503	0.003474
6221.169111	0.455634	-162.988281	-11.425781
6221.173113	0.790416	-162.988281	-11.425781
6221.175113	0.787958	-162.988281	-11.425781
6221.177117	0.786442	8.650859	0.060492
6222.183629	0.416246	-21.093750	529.785156
6222.185632	0.704415	-21.093750	529.785156
6222.187631	0.791116	-21.093750	529.785156
6222.189631	0.788492	8.673413	0.010518
6223.260162	0.685594	-162.011719	-9.960937
6223.266162	0.786153	-162.011719	-9.960937
6223.270162	0.784060	8.624662	0.057848
6224.274199	0.578985	-16.210937	513.378906
6224.276202	0.782899	-16.210937	513.378906
6224.278202	0.788815	-16.210937	513.378906
6224.280201	0.786924	8.656158	0.259015
6225.350222	0.473172	-159.570312	-7.910156
6225.352223	0.742013	-159.570312	-7.910156
6225.354223	0.790500	-159.570312	-7.910156
6225.356223	0.788070	8.668770	0.058017
6226.366248	0.657093	-16.699219	517.871094
6226.368250	0.790102	-16.699219	517.871094
6226.370250	0.788031	8.668336	0.010946
6227.436294	0.265518	-161.914062	-6.445312
6227.438296	0.569343	-161.914062	-6.445312
6227.440302	0.781039	-161.914062	-6.445312
6227.442305	0.789228	-161.914062	-6.445312
6227.444305	0.787272	8.659996	0.059255
6228.456342	0.445924	-13.671875	508.007812
6228.458346	0.725153	-13.671875	508.007812
6228.460345	0.790659	-13.671875	508.007812
6228.462343	0.788155	8.669700	0.011608
6229.524349	0.364072	-163.867187	-4.980469
6229.526349	0.661988	-163.867187	-4.980469
6229.530349	0.791285	-163.867187	-4.980469
6229.532350	0.787362	8.660980	0.054314
6230.550390	0.593827	-19.726562	515.820312
6230.552393	0.786110	-19.726562	515.820312
6230.554391	0.789304	-19.726562	515.820312
6230.556392	0.787359	8.660953	0.354401
6231.610397	0.388520	-156.933594	-3.320312
6231.612398	0.682864	-156.933594	-3.320312
6231.614399	0.792136	-156.933594	-3.320312
6231.616399	0.789577	8.685342	0.043731
6232.644440	0.358631	-19.140625	506.738281
6232.646440	0.657108	-19.140625	506.738281
6232.648439	0.662144	-19.140625	506.738281
6232.652439	0.787678	8.664454	0.027816
6233.694458	0.497974	-161.035156	-3.125000
6233.696460	0.754819	-161.035156	-3.125000
6233.698460	0.789788	-161.035156	-3.125000
6233.700461	0.787504	8.662548	0.035412
6234.739435	0.496066	-20.703125	503.320312
6234.741434	0.753844	-20.703125	503.320312
6234.743435	0.789710	-20.703125	503.320312
6234.745435	0.787436	8.661795	0.039955
6235.781465	0.434383	-154.003906	-3.515625
6235.783466	0.717195	-154.003906	-3.515625
6235.785466	0.790295	-154.003906	-3.515625
6235.787466	0.787722	8.664941	0.026286
6236.835516	0.781124	-25.097656	504.980469
6236.837522	0.789130	-25.097656	504.980469
6236.839523	0.787224	8.659464	0.249795
6237.869536	0.680462	-150.097656	-5.761719
6237.871538	0.790712	-150.097656	-5.761719
6237.873536	0.788256	8.670816	0.023981
6238.923594	0.433288	-31.542969	519.042969
6238.925596	0.716535	-31.542969	519.042969
6238.927597	0.790327	-31.542969	519.042969
6238.929596	0.787748	8.665224	0.052562
6239.957627	0.478041	-148.437500	-9.863281
6239.959630	0.744509	-148.437500	-9.863281
6239.961629	0.789933	-148.437500	-9.863281
6239.963630	0.787617	8.663790	0.022049
6241.013680	0.522080	-35.058594	524.218750
6241.015682	0.765685	-35.058594	524.218750
6241.017682	0.789681	-35.058594	524.218750
6241.019681	0.787540	8.662938	0.054260
6242.049705	0.561826	-151.074219	-13.183594
6242.051705	0.778761	-151.074219	-13.183594
6242.053706	0.788947	-151.074219	-13.183594
6242.055706	0.788827	8.677100	0.023030
6243.102249	0.465753	-37.597656	531.152344
6243.104251	0.737266	-37.597656	531.152344
6243.106249	0.789830	-37.597656	531.152344
6243.108250	0.787453	8.661981	0.044055
6244.140314	0.424533	-146.386719	-13.671875
6244.142317	0.710381	-146.386719	-13.671875
6244.144316	0.790666	-146.386719	-13.671875
6244.146315	0.788086	8.668946	0.024563
6245.190381	0.712240	-41.308594	542.089844
6245.192384	0.790904	-41.308594	542.089844
6245.194386	0.788217	8.670382	0.039531
6246.233328	0.570774	-146.972656	-14.062500
6246.235328	0.781167	-146.972656	-14.062500
6246.237329	0.789053	-146.972656	-14.062500
6246.239330	0.787031	8.657346	0.247675
6247.277389	0.510127	-36.132812	527.539062
6247.279392	0.760636	-36.132812	527.539062
6247.281392	0.789855	-36.132812	527.539062
6247.283392	0.787670	8.664365	0.035833
6248.325467	0.587220	-153.222656	-16.210937
6248.327467	0.784438	-153.222656	-16.210937
6248.329469	0.788788	-153.222656	-16.210937
6248.333469	0.785500	8.640498	0.329977
6249.365510	0.385725	-38.867187	536.816406
6249.367512	0.680515	-38.867187	536.816406
6249.369515	0.792003	-38.867187	536.816406
6249.371512	0.789352	8.682869	0.042483
6250.415584	0.456505	-153.027344	-16.015625
6250.417585	0.731708	-153.027344	-16.015625
6250.419585	0.790050	-153.027344	-16.015625
6250.421584	0.787585	8.663435	0.032410
6251.455617	0.554942	-39.453125	539.257812
6251.457617	0.777158	-39.453125	539.257812
6251.459619	0.789364	-39.453125	539.257812
6251.461618	0.787350	8.660847	0.041414
6252.503695	0.327079	-147.265625	-14.746094
6252.505695	0.627972	-147.265625	-14.746094
6252.507696	0.790029	-147.265625	-14.746094
6252.509695	0.789417	8.683587	0.033039
6253.545790	0.660122	-40.039062	540.136719
6253.547793	0.790559	-40.039062	540.136719
6253.549791	0.788366	8.672030	0.045319
