time (s)	coil I (A)	last det (V)	int current (uC)
4810.817979	0.374238	-164.257812	-9.667969
4810.819981	0.621263	-164.257812	-9.667969
4810.821981	0.646388	-164.257812	-9.667969
4810.823981	0.644498	7.089480	0.045872
4811.849974	0.344403	-53.417969	588.183594
4811.851975	0.607977	-53.417969	588.183594
4811.853977	0.646682	-53.417969	588.183594
4811.855977	0.644770	7.092467	0.055096
4812.903976	0.391050	-169.042969	-11.816406
4812.905977	0.627347	-169.042969	-11.816406
4812.907979	0.646048	-169.042969	-11.816406
4812.909977	0.644166	7.085829	0.051296
4813.942533	0.265848	-51.367187	585.156250
4813.944533	0.560206	-51.367187	585.156250
4813.946534	0.647200	-51.367187	585.156250
4813.948534	0.645021	7.095232	0.074085
4814.992539	0.552366	-159.082031	-7.128906
4814.994541	0.557985	-159.082031	-7.128906
4814.996541	0.645510	7.100612	0.171285
4816.038555	0.485167	-56.054687	584.277344
4816.040558	0.646199	-56.054687	584.277344
4816.042558	0.646004	7.106044	0.065625
4817.080550	0.610248	-171.679687	-8.300781
4817.082551	0.646484	-171.679687	-8.300781
4817.084551	0.644555	7.090101	0.017862
4818.130568	0.551200	-48.339844	576.367187
4818.132572	0.647172	-48.339844	576.367187
4818.134573	0.645015	7.095170	0.066566
4819.173112	0.647051	-172.851562	-2.050781
4819.175115	0.645670	-172.851562	-2.050781
4819.177115	0.644649	7.091137	0.035983
4820.217647	0.352690	-39.648437	567.675781
4820.219649	0.611833	-39.648437	567.675781
4820.221649	0.646345	-39.648437	567.675781
4820.223649	0.644305	7.087354	0.055488
4821.261686	0.284361	-181.152344	0.683594
4821.263690	0.572840	-181.152344	0.683594
4821.265687	0.646722	-181.152344	0.683594
4821.267687	0.646607	7.112682	0.066275
4822.304223	0.588307	-31.152344	561.328125
4822.306226	0.646849	-31.152344	561.328125
4822.310223	0.643418	7.077596	0.444939
4823.360246	0.638121	-184.863281	1.367187
4823.362248	0.645398	-184.863281	1.367187
4823.364247	0.645336	7.098697	0.085720
4824.386799	0.261605	-30.957031	567.578125
4824.388801	0.557077	-30.957031	567.578125
4824.390800	0.647138	-30.957031	567.578125
4824.392801	0.644978	7.094762	0.023155
4825.454868	0.638948	-178.417969	0.195312
4825.456871	0.645718	-178.417969	0.195312
4825.458871	0.644099	7.085093	0.085052
4826.474878	0.518075	-37.402344	578.613281
4826.476880	0.646400	-37.402344	578.613281
4826.478881	0.644622	7.090845	0.009189
4827.546855	0.610817	-185.058594	-5.761719
4827.548858	0.646482	-185.058594	-5.761719
4827.550859	0.644589	7.090482	0.086466
4828.565386	0.579704	-41.503906	586.718750
4828.567387	0.646433	-41.503906	586.718750
4828.569387	0.644219	7.086405	0.021321
4829.633887	0.438111	-179.492187	-8.496094
4829.635888	0.640125	-179.492187	-8.496094
4829.637889	0.645904	-179.492187	-8.496094
4829.639890	0.644192	7.086112	0.082559
4830.656442	0.294556	-44.628906	590.332031
4830.658444	0.579562	-44.628906	590.332031
4830.660444	0.646571	-44.628906	590.332031
4830.662445	0.644360	7.087965	0.034446
4831.722496	1.559791	-168.945312	-7.421875
4831.724496	0.647487	-168.945312	-7.421875
4831.726497	0.645432	7.099752	0.083849
4832.752481	0.618910	-56.835937	598.242187
4832.754482	0.621691	-56.835937	598.242187
4832.756483	0.644199	7.086184	0.053583
4833.809384	0.625982	-173.144531	-11.230469
4833.811386	0.646154	-173.144531	-11.230469
4833.813386	0.644357	7.087929	0.052557
4834.843942	0.425856	-54.492187	596.777344
4834.845943	0.637109	-54.492187	596.777344
4834.847943	0.645427	-54.492187	596.777344
4834.849944	0.643789	7.081682	0.079376
4835.895990	0.554844	-165.722656	-8.789062
4835.897992	0.647203	-165.722656	-8.789062
4835.899991	0.645072	7.095790	0.213070
4836.938023	0.429673	-59.863281	596.679687
4836.944024	0.644201	-59.863281	596.679687
4836.946030	0.642993	-59.863281	596.679687
4836.948032	0.642165	7.063815	0.088976
4837.984999	0.646659	-162.011719	-6.347656
4837.987001	0.645459	7.100044	0.026323
4839.030979	0.489186	-58.398437	593.945312
4839.032981	0.645394	-58.398437	593.945312
4839.034981	0.644852	7.093371	0.085085
4840.073915	0.646536	-163.867187	-4.394531
4840.075916	0.644252	7.086777	0.027994
4841.121931	0.404954	-51.660156	591.015625
4841.123933	0.631323	-51.660156	591.015625
4841.125933	0.645205	-51.660156	591.015625
4841.127931	0.643404	7.077446	0.077381
4842.161973	0.639737	-176.562500	-7.128906
4842.163976	0.640625	-176.562500	-7.128906
4842.167974	0.642531	7.067839	0.026070
4843.211945	0.486453	-52.050781	591.113281
4843.213945	0.646413	-52.050781	591.113281
4843.215945	0.646086	7.106948	0.081342
4844.249985	0.442382	-170.996094	-4.199219
4844.251984	0.640306	-170.996094	-4.199219
4844.253986	0.645151	-170.996094	-4.199219
4844.255986	0.643400	7.077401	0.036964
4845.304023	0.607337	-49.121094	588.964844
4845.306030	0.645629	-49.121094	588.964844
4845.310032	0.642354	7.065898	0.076645
4846.340103	0.462395	-173.046875	-3.613281
4846.342102	0.643809	-173.046875	-3.613281
4846.344102	0.645595	7.101542	0.035921
4847.392130	0.365780	-53.222656	591.503906
4847.394132	0.617603	-53.222656	591.503906
4847.396131	0.646167	-53.222656	591.503906
4847.398132	0.646100	7.107099	0.083465
4848.430177	0.400139	-175.000000	-5.371094
4848.432178	0.630282	-175.000000	-5.371094
4848.434177	0.645857	-175.000000	-5.371094
4848.436178	0.644004	7.084048	0.042088
4849.484733	0.623678	-50.000000	591.210937
4849.486736	0.645785	-50.000000	591.210937
4849.488737	0.644007	7.084074	0.082142
4850.520770	0.413807	-174.316406	-5.859375
4850.522771	0.633916	-174.316406	-5.859375
4850.526772	0.643566	-174.316406	-5.859375
4850.528774	0.642384	7.066226	0.043241
4851.573340	0.476211	-54.589844	595.898437
4851.575340	0.645817	-54.589844	595.898437
4851.577340	0.646291	7.109199	0.088091
4852.613383	0.566253	-176.171875	-8.496094
4852.615385	0.646363	-176.171875	-8.496094
4852.617386	0.644132	7.085457	0.036505
4853.662406	0.559630	-58.886719	598.535156
4853.664409	0.647666	-58.886719	598.535156
4853.666408	0.645471	7.100177	0.089425
4854.706938	0.646170	-171.679687	-8.398437
4854.708939	0.644866	7.093521	0.042164
4855.748985	0.283109	-58.105469	602.050781
4855.750988	0.572014	-58.105469	602.050781
4855.754987	0.644356	-58.105469	602.050781
4855.756995	0.642937	7.072305	0.092411
4856.797027	0.512982	-170.214844	-8.203125
4856.799028	0.646716	-170.214844	-8.203125
4856.801028	0.645162	7.096783	0.052108
4857.839047	0.643102	-61.035156	604.003906
4857.841045	0.645274	7.098014	0.079140
4858.891595	0.616642	-179.003906	-12.109375
4858.893597	0.646179	-179.003906	-12.109375
4858.895599	0.644273	7.087008	0.060406
4859.922587	0.328723	-56.835937	604.394531
4859.924591	0.599305	-56.835937	604.394531
4859.926599	0.645724	-56.835937	604.394531
4859.928598	0.643663	7.080290	0.080273
4860.986642	0.638895	-181.347656	-10.351562
4860.988643	0.646004	-181.347656	-10.351562
4860.990643	0.644381	7.088186	0.069159
4862.009162	0.273092	-51.464844	602.441406
4862.011160	0.565098	-51.464844	602.441406
4862.013162	0.646399	-51.464844	602.441406
4862.015162	0.644220	7.086422	0.065542
4863.079191	0.565913	-178.125000	-5.761719
4863.081191	0.646577	-178.125000	-5.761719
4863.083192	0.644465	7.089117	0.090518
4864.097200	0.290591	-44.140625	598.828125
4864.099201	0.576855	-44.140625	598.828125
4864.101201	0.646544	-44.140625	598.828125
4864.103200	0.644357	7.087929	0.044611
4865.169258	0.361096	-184.667969	-3.808594
4865.171260	0.615203	-184.667969	-3.808594
4865.173260	0.645612	-184.667969	-3.808594
4865.175259	0.643753	7.081283	0.116900
4866.187310	0.391409	-40.136719	595.019531
4866.189312	0.627071	-40.136719	595.019531
4866.191314	0.645368	-40.136719	595.019531
4866.193313	0.643559	7.079147	0.046834
4867.259330	0.584202	-190.722656	-1.464844
4867.261333	0.646781	-190.722656	-1.464844
4867.263331	0.644670	7.091368	0.125700
4868.281396	0.629827	-39.648437	589.453125
4868.283397	0.645679	-39.648437	589.453125
4868.285396	0.643939	7.083330	0.030660
4869.346323	0.533999	-190.429687	1.367187
4869.348322	0.647373	-190.429687	1.367187
4869.352323	0.643937	7.083312	0.137519
4870.374365	0.377864	-36.132812	585.058594
4870.376366	0.385876	-36.132812	585.058594
4870.378366	0.645508	-36.132812	585.058594
4870.380368	0.643689	7.080583	0.039167
4871.430412	0.500991	-195.507812	2.148437
4871.432416	0.646315	-195.507812	2.148437
4871.434416	0.645199	7.097190	0.097398
4872.471358	0.432486	-41.210937	586.035156
4872.473358	0.638359	-41.210937	586.035156
4872.475359	0.645208	-41.210937	586.035156
4872.477359	0.643407	7.077472	0.056375
4873.515395	0.443417	-186.914062	2.636719
4873.517397	0.640463	-186.914062	2.636719
4873.519397	0.645088	-186.914062	2.636719
4873.521397	0.643369	7.077055	0.087904
4874.567438	0.638487	-48.925781	590.722656
4874.569443	0.645078	-48.925781	590.722656
4874.571441	0.643408	7.077490	0.083073
4875.605496	0.643709	-185.253906	-2.343750
4875.607498	0.645035	7.095383	0.058589
4876.658050	0.620027	-57.031250	596.679687
4876.660051	0.645525	-57.031250	596.679687
4876.662051	0.643647	7.080122	0.100055
4877.692581	0.331417	-175.585937	-4.199219
4877.694584	0.600857	-175.585937	-4.199219
4877.696583	0.646073	-175.585937	-4.199219
4877.698583	0.644062	7.084677	0.057069
4878.744582	0.385920	-63.867187	601.269531
4878.746583	0.625222	-63.867187	601.269531
4878.748584	0.645680	-63.867187	601.269531
4878.750586	0.643883	7.082718	0.110554
4879.784609	0.331086	-182.812500	-10.058594
4879.786613	0.600867	-182.812500	-10.058594
4879.788611	0.646337	-182.812500	-10.058594
4879.790611	0.644337	7.087708	0.050436
4880.832627	0.478271	-59.082031	608.203125
4880.834631	0.645446	-59.082031	608.203125
4880.836629	0.645771	7.103483	0.105063
4881.878721	0.557120	-179.980469	-10.742187
4881.880722	0.647096	-179.980469	-10.742187
4881.882723	0.644895	7.093841	0.071322
4882.927292	0.643612	-59.277344	609.765625
4882.929294	0.642557	7.068122	0.369400
4883.971362	0.504236	-175.000000	-9.082031
4883.973363	0.646262	-175.000000	-9.082031
4883.975366	0.644912	7.094035	0.062230
4885.011397	0.646703	-63.476562	611.035156
4885.013400	0.644633	7.090961	0.106043
4886.061407	0.278896	-176.855469	-9.570312
4886.065409	0.646821	-176.855469	-9.570312
4886.067409	0.644591	-176.855469	-9.570312
4886.069410	0.643199	7.075185	0.073903
4887.097436	0.398995	-64.160156	610.351562
4887.099438	0.629411	-64.160156	610.351562
4887.101437	0.645306	-64.160156	610.351562
4887.103438	0.645221	7.097430	0.094989
4888.153956	0.574401	-183.496094	-10.937500
4888.155959	0.646272	-183.496094	-10.937500
4888.157959	0.644087	7.084952	0.378231
4889.194494	0.643325	-65.039062	611.523437
4889.196496	0.642268	7.064950	0.095200
4890.245080	0.647246	-181.250000	-9.667969
4890.247083	0.645214	7.097350	0.093308
4891.279656	0.505762	-64.453125	612.402344
4891.281658	0.647165	-64.453125	612.402344
4891.283659	0.645805	7.103855	0.106173
4892.330178	0.415014	-177.832031	-8.398437
4892.332180	0.634261	-177.832031	-8.398437
4892.334179	0.645296	-177.832031	-8.398437
4892.336180	0.643491	7.078403	0.076265
4893.374223	0.646304	-60.253906	613.085937
4893.376225	0.644929	7.094222	0.103009
4894.418239	0.433861	-181.738281	-9.765625
4894.422238	0.645714	-181.738281	-9.765625
4894.424240	0.644037	-181.738281	-9.765625
4894.426241	0.642837	7.071206	0.077233
4895.464798	0.511410	-59.667969	611.132812
4895.466803	0.646595	-59.667969	611.132812
4895.468808	0.645074	7.095817	0.109981
4896.508847	0.646830	-180.078125	-6.152344
4896.510848	0.644828	-180.078125	-6.152344
4896.512849	0.643320	7.076515	0.070415
4897.556899	0.449667	-58.203125	609.570312
4897.558903	0.641544	-58.203125	609.570312
4897.560902	0.645006	-58.203125	609.570312
4897.562902	0.643381	7.077188	0.108782
4898.594959	0.549368	-184.863281	-4.003906
4898.596960	0.646822	-184.863281	-4.003906
4898.598961	0.644605	7.090659	0.186552
4899.649518	0.643217	-53.710937	605.273437
4899.651520	0.644658	7.091235	0.108695
4900.685569	0.422933	-191.015625	-0.097656
4900.687571	0.636398	-191.015625	-0.097656
4900.689572	0.645320	-191.015625	-0.097656
4900.691573	0.643552	7.079067	0.089009
4901.736147	0.490612	-50.585937	600.195312
4901.738147	0.646123	-50.585937	600.195312
4901.740149	0.645413	7.099539	0.095854
4902.778213	0.512523	-189.453125	4.492187
4902.780213	0.647312	-189.453125	4.492187
4902.782214	0.645826	7.104085	0.104779
4903.820250	0.298354	-47.558594	596.289062
4903.822252	0.581652	-47.558594	596.289062
4903.824251	0.645882	-47.558594	596.289062
4903.826252	0.643697	7.080663	0.073571
4904.872816	0.439761	-200.195312	2.636719
4904.874819	0.639840	-200.195312	2.636719
4904.876818	0.645043	-200.195312	2.636719
4904.878818	0.643273	7.076001	0.136187
4905.906844	0.551678	-43.847656	600.585937
4905.908846	0.647089	-43.847656	600.585937
4905.910846	0.644903	7.093929	0.203701
4906.972901	0.644613	-194.824219	3.027344
4906.976902	0.642124	7.063363	0.135625
4907.992928	0.513202	-44.335937	603.027344
4907.994929	0.646960	-44.335937	603.027344
4907.996929	0.645392	7.099317	0.061509
4909.061467	0.436490	-199.609375	-0.976562
4909.063468	0.639626	-199.609375	-0.976562
4909.065468	0.645775	-199.609375	-0.976562
4909.067468	0.644141	7.085555	0.143214
4910.081525	0.532307	-45.605469	610.937500
4910.083528	0.646728	-45.605469	610.937500
4910.085529	0.644762	7.092379	0.078883
4911.153533	0.515873	-199.316406	-4.589844
4911.155534	0.647081	-199.316406	-4.589844
4911.157534	0.645387	7.099256	0.137649
4912.169576	0.320953	-52.343750	614.062500
4912.171577	0.594991	-52.343750	614.062500
4912.173577	0.645741	-52.343750	614.062500
4912.175579	0.643655	7.080202	0.070691
4913.244100	0.643583	-199.707031	-7.324219
4913.246102	0.645860	-199.707031	-7.324219
4913.248103	0.644246	7.086707	0.128586
4914.262655	0.481661	-53.417969	618.359375
4914.264655	0.645058	-53.417969	618.359375
4914.266655	0.645007	7.095081	0.079567
4915.332687	0.631208	-197.363281	-9.863281
4915.334690	0.645180	-197.363281	-9.863281
4915.336690	0.643368	7.077047	0.115850
4916.357657	0.647416	-59.082031	620.800781
4916.359658	0.647360	-59.082031	620.800781
4916.361661	0.643817	7.081983	0.173772
4917.421725	0.646483	-191.992187	-10.449219
4917.423728	0.644251	7.086760	0.290585
4918.444250	0.339687	-63.378906	621.582031
4918.446251	0.605256	-63.378906	621.582031
4918.448250	0.646143	-63.378906	621.582031
4918.450251	0.644126	7.085386	0.120388
4919.508300	0.435810	-194.824219	-12.109375
4919.510304	0.639034	-194.824219	-12.109375
4919.512301	0.645127	-194.824219	-12.109375
4919.514302	0.645052	7.095569	0.107172
4920.540322	0.553021	-65.039062	622.265625
4920.542324	0.647263	-65.039062	622.265625
4920.544324	0.647225	7.119471	0.266988
4921.596379	0.643137	-192.089844	-11.425781
4921.600379	0.643079	-192.089844	-11.425781
4921.602382	0.642055	7.062601	0.101084
4922.629330	0.560065	-71.484375	616.992187
4922.631331	0.567380	-71.484375	616.992187
4922.633332	0.644884	7.093725	0.120241
4923.686329	0.584433	-191.992187	-11.718750
4923.688333	0.646233	-191.992187	-11.718750
4923.690332	0.644035	7.084385	0.091971
4924.723276	0.630728	-70.507812	619.824219
4924.725276	0.645399	-70.507812	619.824219
4924.729277	0.642456	7.067015	0.134556
4925.777854	0.644952	-189.746094	-11.132812
4925.779854	0.643305	7.076355	0.090010
4926.814374	0.486283	-65.332031	623.828125
4926.816374	0.645421	-65.332031	623.828125
4926.818376	0.645092	7.096012	0.124317
4927.862419	0.407728	-186.035156	-8.300781
4927.864418	0.632567	-186.035156	-8.300781
4927.866419	0.645814	-186.035156	-8.300781
4927.868418	0.644080	7.084881	0.087504
4928.904448	0.500131	-71.972656	619.921875
4928.906451	0.645860	-71.972656	619.921875
4928.908450	0.644718	7.091900	0.123965
4929.953383	0.318879	-185.839844	-8.984375
4929.955385	0.330574	-185.839844	-8.984375
4929.957385	0.645835	-185.839844	-8.984375
4929.959385	0.645726	7.102986	0.091046
4930.991368	0.267664	-71.289062	621.582031
4930.993371	0.561133	-71.289062	621.582031
4930.995369	0.646628	-71.289062	621.582031
4930.997368	0.644367	7.088036	0.137573
4932.045920	0.400400	-187.304687	-8.496094
4932.047924	0.629648	-187.304687	-8.496094
4932.049921	0.644860	-187.304687	-8.496094
4932.051924	0.643087	7.073954	0.096669
4933.083926	0.646206	-70.996094	623.144531
4933.085927	0.644675	7.091430	0.130877
4934.130451	0.501359	-181.152344	-7.714844
4934.132454	0.646000	-181.152344	-7.714844
4934.134453	0.644868	7.093548	0.074550
4935.192499	0.521770	-67.089844	629.394531
4935.194500	0.646559	-67.089844	629.394531
4935.196500	0.644754	7.092299	0.098240
4936.224510	0.646542	-189.062500	-9.667969
4936.226511	0.645210	7.097315	0.095215
4937.265042	0.579217	-68.554687	628.710937
4937.267046	0.646310	-68.554687	628.710937
4937.269043	0.644124	7.085359	0.151907
4938.315083	0.356107	-188.574219	-8.398437
4938.321082	0.644057	-188.574219	-8.398437
4938.323084	0.642754	-188.574219	-8.398437
4938.325086	0.641873	7.060598	0.103188
4939.353091	0.304081	-66.113281	628.808594
4939.357090	0.646189	-66.113281	628.808594
4939.359092	0.643983	-66.113281	628.808594
4939.361092	0.642691	7.069602	0.130065
4940.407142	0.437445	-190.136719	-7.714844
4940.409144	0.639014	-190.136719	-7.714844
4940.411144	0.644721	-190.136719	-7.714844
4940.413144	0.642983	7.072811	0.111899
4941.441187	0.485297	-64.160156	628.222656
4941.445189	0.644317	-64.160156	628.222656
4941.447191	0.642768	7.070444	0.114393
4942.501197	0.571943	-199.023437	-9.277344
4942.503199	0.646176	-199.023437	-9.277344
4942.505198	0.643908	7.082984	0.134159
4943.529729	0.562643	-58.886719	628.515625
4943.531733	0.646153	-58.886719	628.515625
4943.533733	0.643958	7.083534	0.318790
4944.595782	0.645646	-203.027344	-7.324219
4944.597785	0.643722	-203.027344	-7.324219
4944.599785	0.642482	7.067298	0.142596
4945.618287	0.512475	-57.421875	626.171875
4945.620287	0.646363	-57.421875	626.171875
4945.622287	0.644746	7.092201	0.093043
4946.684355	0.643017	-200.683594	-3.027344
4946.686357	0.645402	-200.683594	-3.027344
4946.688357	0.643866	7.082523	0.147200
4947.708426	0.590516	-53.222656	623.925781
4947.710428	0.645991	-53.222656	623.925781
4947.712427	0.643892	7.082816	0.512331
4948.772990	0.600776	-209.863281	-3.222656
4948.774992	0.645643	-209.863281	-3.222656
4948.776992	0.645529	7.100815	0.172131
4949.799526	1.596485	-49.804687	624.414062
4949.801528	0.644780	-49.804687	624.414062
4949.803529	0.645141	7.096552	0.085882
4950.859561	0.428163	-216.894531	-1.953125
4950.861561	0.637757	-216.894531	-1.953125
4950.863563	0.645660	-216.894531	-1.953125
4950.865562	0.643894	7.082833	0.170586
4951.893606	0.546290	-50.683594	620.117187
4951.895610	0.647360	-50.683594	620.117187
4951.897609	0.645248	7.097731	0.192550
4952.945650	0.454697	-207.128906	2.636719
4952.947645	0.642606	-207.128906	2.636719
4952.949646	0.644985	-207.128906	2.636719
4952.951645	0.643407	7.077472	0.160542
4953.987670	0.474816	-54.296875	618.066406
4953.989674	0.644664	-54.296875	618.066406
4953.991673	0.645275	7.098023	0.103773
4955.030199	0.252883	-206.933594	3.222656
4955.032201	0.550536	-206.933594	3.222656
4955.034200	0.647218	-206.933594	3.222656
4955.036201	0.644998	7.094975	0.159048
4956.086258	0.645627	-55.761719	621.191406
4956.088259	0.643692	-55.761719	621.191406
4956.090262	0.642424	7.066669	0.115515
4957.118236	0.267219	-203.710937	3.613281
4957.120238	0.560878	-203.710937	3.613281
4957.122238	0.646483	-203.710937	3.613281
4957.124238	0.644259	7.086848	0.146409
4958.174257	1.400794	-62.890625	620.898437
4958.176259	0.590843	-62.890625	620.898437
4958.178260	0.645998	-62.890625	620.898437
4958.180260	0.643881	7.082692	0.140508
4959.206337	0.525232	-199.218750	0.390625
4959.210339	0.644840	-199.218750	0.390625
4959.212339	0.643459	7.078048	0.116955
4960.270331	0.626615	-63.281250	628.613281
4960.272335	0.645330	-63.281250	628.613281
4960.274333	0.643498	7.078474	0.145459
4961.294414	1.458390	-202.246094	-4.785156
4961.296413	0.592679	-202.246094	-4.785156
4961.298413	0.645533	-202.246094	-4.785156
4961.300416	0.643473	7.078207	0.103760
4962.356447	0.418758	-71.582031	623.828125
4962.360447	0.645186	-71.582031	623.828125
4962.362449	0.643394	-71.582031	623.828125
4962.364449	0.642217	7.064382	0.167228
4963.384973	0.326586	-192.382812	-4.589844
4963.386974	0.598239	-192.382812	-4.589844
4963.388974	0.645919	-192.382812	-4.589844
4963.390973	0.643847	7.082319	0.105964
4964.447005	0.639232	-75.878906	621.972656
4964.449006	0.645586	-75.878906	621.972656
4964.451006	0.643883	7.082710	0.163318
4965.477010	0.407608	-195.898437	-7.812500
4965.479014	0.632092	-195.898437	-7.812500
4965.481014	0.645307	-195.898437	-7.812500
4965.483013	0.643494	7.078438	0.097770
4966.535515	0.574052	-77.929687	622.363281
4966.537516	0.578091	-77.929687	622.363281
4966.539516	0.643885	7.082736	0.444229
4967.573541	0.644490	-187.304687	-4.882812
4967.575543	0.642868	7.071552	0.096181
4968.623619	0.461417	-72.363281	631.347656
4968.625616	0.643417	-72.363281	631.347656
4968.627615	0.645308	7.098387	0.167711
4969.659674	0.349657	-195.703125	-8.886719
4969.661677	0.609775	-195.703125	-8.886719
4969.663677	0.645464	-195.703125	-8.886719
4969.665675	0.643555	7.079103	0.114760
4970.716195	0.646763	-78.906250	621.582031
4970.718198	0.644603	7.090632	0.173821
4971.752213	0.645841	-198.339844	-9.960937
4971.754215	0.644293	7.087221	0.101503
4972.804240	0.602854	-77.343750	625.390625
4972.806241	0.645644	-77.343750	625.390625
4972.808242	0.643665	7.080317	0.180046
4973.838814	0.379390	-195.996094	-8.007812
4973.840818	0.622666	-195.996094	-8.007812
4973.842815	0.645514	-195.996094	-8.007812
4973.844816	0.643692	7.080609	0.111881
4974.895414	0.352556	-76.464844	626.562500
4974.899412	0.645115	-76.464844	626.562500
4974.901415	0.643183	-76.464844	626.562500
4974.903417	0.641979	7.061768	0.177126
4975.929956	0.488805	-192.480469	-4.687500
4975.933958	0.642999	7.072988	0.105342
4976.985974	0.362203	-77.539062	622.558594
4976.987975	0.615552	-77.539062	622.558594
4976.989976	0.645394	-77.539062	622.558594
4976.991974	0.643461	7.078066	0.186328
4978.016007	0.345113	-194.238281	-3.222656
4978.018008	0.607501	-194.238281	-3.222656
4978.020010	0.645405	-194.238281	-3.222656
4978.022015	0.643430	7.077729	0.110160
4979.080046	0.474945	-74.121094	624.804687
4979.082045	0.645582	-74.121094	624.804687
4979.084047	0.643834	7.082178	0.168541
4980.106590	0.435844	-196.582031	0.390625
4980.108592	0.638975	-196.582031	0.390625
4980.110592	0.645070	-196.582031	0.390625
4980.112593	0.643388	7.077269	0.122285
4981.168664	0.536678	-70.507812	625.976562
4981.170666	0.646633	-70.507812	625.976562
4981.172668	0.644545	7.089994	0.175681
4982.199183	0.646813	-205.859375	2.246094
4982.201185	0.644855	-205.859375	2.246094
4982.203186	0.643367	7.077038	0.138213
4983.259199	0.630122	-64.941406	626.757812
4983.261200	0.645007	-64.941406	626.757812
4983.263201	0.643186	7.075044	0.159521
4984.287728	0.302219	-212.695312	4.589844
4984.289732	0.583909	-212.695312	4.589844
4984.291732	0.645844	-212.695312	4.589844
4984.293730	0.643650	7.080149	0.163014
4985.345724	0.557688	-58.007812	633.398437
4985.347726	0.647247	-58.007812	633.398437
4985.349728	0.645056	7.095613	0.315524
4986.383756	0.518712	-218.066406	4.394531
4986.385757	0.646059	-218.066406	4.394531
4986.387757	0.644290	7.087185	0.182246
4987.430247	0.512981	-55.468750	632.226562
4987.432249	0.646442	-55.468750	632.226562
4987.434248	0.644785	7.092636	0.124142
4988.476273	0.363080	-223.925781	3.222656
4988.478275	0.615972	-223.925781	3.222656
4988.480275	0.645502	-223.925781	3.222656
4988.482275	0.643576	7.079333	0.191395
4989.518853	0.591263	-58.007812	627.441406
4989.520857	0.645829	-58.007812	627.441406
4989.522855	0.643738	7.081123	0.532551
4990.570849	0.439485	-224.902344	1.464844
4990.572853	0.639347	-224.902344	1.464844
4990.574853	0.644599	-224.902344	1.464844
4990.576852	0.642904	7.071942	0.196277
4991.602869	0.333284	-56.445312	632.714844
4991.604870	0.601618	-56.445312	632.714844
4991.606870	0.645736	-56.445312	632.714844
4991.608871	0.643686	7.080547	0.123801
4992.665409	0.615626	-224.121094	-0.390625
4992.667412	0.645381	-224.121094	-0.390625
4992.669413	0.643452	7.077977	0.196461
4993.693994	0.646048	-52.832031	641.113281
4993.695997	0.644470	7.089170	0.109827
4994.756035	0.450636	-220.507812	-0.781250
4994.758029	0.642854	-220.507812	-0.781250
4994.760031	0.646329	-220.507812	-0.781250
4994.762030	0.644701	7.091714	0.195199
4995.782053	0.579813	-54.589844	640.722656
4995.784054	0.645746	-54.589844	640.722656
4995.786055	0.643453	7.077986	0.115264
4996.848122	0.643959	-212.988281	-1.269531
4996.850124	0.645148	7.096632	0.189545
4997.870158	0.396079	-65.527344	633.593750
4997.872160	0.628179	-65.527344	633.593750
4997.874159	0.644804	-65.527344	633.593750
4997.876159	0.642982	7.072802	0.128756
4998.935102	0.314369	-211.816406	-2.832031
4998.937103	0.591115	-211.816406	-2.832031
4998.939103	0.645674	-211.816406	-2.832031
4998.941102	0.643599	7.079590	0.194369
4999.961136	0.311533	-63.671875	640.429687
4999.963138	0.589558	-63.671875	640.429687
4999.965139	0.645852	-63.671875	640.429687
4999.967138	0.643716	7.080875	0.144495
5001.025186	0.330500	-208.593750	-3.515625
5001.027188	0.600223	-208.593750	-3.515625
5001.029189	0.645759	-208.593750	-3.515625
5001.031188	0.643713	7.080840	0.172755
5002.053209	1.960793	-70.800781	631.738281
5002.055210	0.628840	-70.800781	631.738281
5002.057216	0.644861	-70.800781	631.738281
5002.059218	0.643043	7.073475	0.140590
5003.115249	0.342744	-209.472656	-4.589844
5003.117250	0.606361	-209.472656	-4.589844
5003.119250	0.645492	-209.472656	-4.589844
5003.121250	0.643560	7.079156	0.179170
5004.143251	0.406597	-67.089844	640.039062
5004.145253	0.631380	-67.089844	640.039062
5004.147253	0.644725	-67.089844	640.039062
5004.149254	0.642935	7.072288	0.153441
5005.205262	0.424026	-215.917969	-7.714844
5005.207265	0.636543	-215.917969	-7.714844
5005.209264	0.645335	-215.917969	-7.714844
5005.211264	0.643606	7.079670	0.175026
5006.233291	0.255242	-74.121094	630.566406
5006.235295	0.552017	-74.121094	630.566406
5006.237294	0.646454	-74.121094	630.566406
5006.239294	0.644225	7.086476	0.175350
5007.295313	0.357775	-214.453125	-7.031250
5007.299314	0.645212	-214.453125	-7.031250
5007.301316	0.643344	-214.453125	-7.031250
5007.305313	0.641164	7.052799	0.163093
5008.326248	0.599440	-69.433594	639.062500
5008.328250	0.645376	-69.433594	639.062500
5008.330250	0.643269	7.075956	0.166982
5009.386305	0.509245	-215.136719	-6.640625
5009.388306	0.645871	-215.136719	-6.640625
5009.390307	0.644364	7.088009	0.161955
5010.415236	0.483061	-70.605469	638.378906
5010.417238	0.646588	-70.605469	638.378906
5010.419240	0.646562	7.112176	0.157569
5011.475272	0.276466	-216.699219	-8.007812
5011.477273	0.567140	-216.699219	-8.007812
5011.479274	0.646255	-216.699219	-8.007812
5011.481274	0.644076	7.084836	0.189769
5012.505283	0.490954	-69.921875	639.355469
5012.507284	0.644803	-69.921875	639.355469
5012.509284	0.644024	7.084260	0.160410
5013.567357	0.365216	-218.066406	-6.542969
5013.569360	0.616791	-218.066406	-6.542969
5013.571360	0.645376	-218.066406	-6.542969
5013.573361	0.643397	7.077365	0.195668
5014.593955	0.520892	-66.503906	642.871094
5014.595957	0.646667	-66.503906	642.871094
5014.597956	0.644924	7.094169	0.152665
5015.658005	0.592822	-218.261719	-5.371094
5015.660007	0.646499	-218.261719	-5.371094
5015.662009	0.644497	7.089463	0.599832
5016.684520	0.625646	-70.410156	636.523437
5016.686522	0.645038	-70.410156	636.523437
5016.688521	0.643201	7.075212	0.165297
5017.749047	0.469203	-216.699219	-2.050781
5017.753048	0.644240	-216.699219	-2.050781
5017.755050	0.642681	7.069496	0.201695
5018.773083	0.474396	-69.042969	633.984375
5018.775084	0.644436	-69.042969	633.984375
5018.777085	0.644929	7.094222	0.142292
5019.839126	0.484399	-222.070312	-2.441406
5019.841128	0.644650	-222.070312	-2.441406
5019.843129	0.644384	7.088222	0.203979
5020.863154	0.488083	-66.210937	634.375000
5020.865158	0.645055	-66.210937	634.375000
5020.867157	0.644517	7.089684	0.135081
5021.930093	0.545843	-223.437500	0.195312
5021.932096	0.646843	-223.437500	0.195312
5021.934095	0.644681	7.091492	0.302469
5022.954123	0.633419	-62.988281	637.597656
5022.956126	0.645016	-62.988281	637.597656
5022.958125	0.643195	7.075141	0.133594
5024.018680	0.261592	-225.292969	1.464844
5024.020680	0.556823	-225.292969	1.464844
5024.022682	0.646728	-225.292969	1.464844
5024.024682	0.644561	7.090172	0.226280
5025.044676	0.335673	-63.183594	636.035156
5025.046678	0.602898	-63.183594	636.035156
5025.048678	0.645667	-63.183594	636.035156
5025.050679	0.643538	7.078917	0.125930
5026.106690	0.273331	-230.273437	1.660156
5026.108692	0.564986	-230.273437	1.660156
5026.110692	0.646111	-230.273437	1.660156
5026.112692	0.643858	7.082443	0.235250
5027.138751	0.606319	-55.664062	647.851562
5027.140753	0.645534	-55.664062	647.851562
5027.142753	0.643538	7.078917	0.669148
5028.195681	0.512566	-230.175781	3.515625
5028.197681	0.646551	-230.175781	3.515625
5028.199684	0.644999	7.094984	0.225077
5029.231745	0.550141	-59.667969	642.871094
5029.233746	0.646625	-59.667969	642.871094
5029.235748	0.644306	7.087371	0.270367
5030.279855	0.410134	-225.390625	6.347656
5030.281855	0.632325	-225.390625	6.347656
5030.283856	0.644624	-225.390625	6.347656
5030.285855	0.642886	7.071747	0.222684
5031.325925	0.495887	-59.667969	645.410156
5031.329923	0.644679	-59.667969	645.410156
5031.333924	0.642077	7.062849	0.144692
5032.365956	0.286143	-232.812500	3.906250
5032.367957	0.573618	-232.812500	3.906250
5032.369957	0.645826	-232.812500	3.906250
5032.371955	0.643609	7.079696	0.220771
5033.420496	0.493607	-68.261719	637.597656
5033.422498	0.646170	-68.261719	637.597656
5033.424498	0.645376	7.099140	0.171197
5034.454579	0.469723	-222.363281	4.589844
5034.456580	0.644480	-222.363281	4.589844
5034.458579	0.645529	7.100815	0.202241
5035.514596	2.185097	-68.652344	643.066406
5035.516597	0.646305	-68.652344	643.066406
5035.518597	0.644339	7.087725	0.744469
5036.544609	0.413332	-215.039062	3.710937
5036.546610	0.644775	-215.039062	3.710937
5036.548611	0.642992	7.072917	0.178431
5037.604625	0.502100	-74.902344	638.281250
5037.606630	0.645446	-74.902344	638.281250
5037.610628	0.642610	7.068707	0.199923
5038.632675	0.419687	-222.558594	-2.246094
5038.634676	0.635181	-222.558594	-2.246094
5038.636675	0.644966	-222.558594	-2.246094
5038.638675	0.643208	7.075292	0.164786
5039.692690	0.368270	-77.441406	636.035156
5039.694692	0.617973	-77.441406	636.035156
5039.696692	0.645146	-77.441406	636.035156
5039.698692	0.643336	7.076692	0.220002
5040.724739	0.646031	-210.058594	-1.074219
5040.726740	0.643938	-210.058594	-1.074219
5040.728739	0.642622	7.068840	0.417033
5041.784789	0.642793	-84.960937	626.367187
5041.786790	0.644531	7.089844	0.222139
5042.813331	0.368495	-211.621094	-3.808594
5042.815332	0.618010	-211.621094	-3.808594
5042.817333	0.645096	-211.621094	-3.808594
5042.821330	0.641877	7.060642	0.160571
5043.873365	0.598136	-85.644531	626.171875
5043.875366	0.645627	-85.644531	626.171875
5043.877366	0.643585	7.079439	0.236694
5044.903909	0.457120	-212.890625	-4.785156
5044.905909	0.642640	-212.890625	-4.785156
5044.907910	0.644945	-212.890625	-4.785156
5044.909909	0.643272	7.075992	0.162627
5045.963932	0.645645	-83.300781	630.957031
5045.965933	0.645002	-83.300781	630.957031
5045.967933	0.643410	7.077507	0.229395
5046.997969	0.646309	-211.230469	-4.394531
5046.999972	0.644285	-211.230469	-4.394531
5047.001971	0.642813	7.070940	0.185835
5048.050010	0.277958	-82.031250	632.421875
5048.052010	0.568162	-82.031250	632.421875
5048.054011	0.646091	-82.031250	632.421875
5048.056012	0.643864	7.082506	0.241720
5049.086056	0.546760	-209.375000	-3.320312
5049.088059	0.646885	-209.375000	-3.320312
5049.090059	0.644750	7.092255	0.162263
5050.142052	0.279829	-83.593750	629.589844
5050.144052	0.569371	-83.593750	629.589844
5050.146053	0.645750	-83.593750	629.589844
5050.148053	0.643468	7.078146	0.243314
5051.176106	0.554276	-213.964844	-3.906250
5051.178107	0.647069	-213.964844	-3.906250
5051.180110	0.644945	7.094390	0.308067
5052.232146	0.376608	-84.570312	627.734375
5052.234147	0.621347	-84.570312	627.734375
5052.236148	0.645156	-84.570312	627.734375
5052.238147	0.643253	7.075788	0.241958
5053.264147	0.422661	-212.304687	-1.855469
5053.266147	0.636585	-212.304687	-1.855469
5053.268149	0.645792	-212.304687	-1.855469
5053.270148	0.644037	7.084403	0.164396
5054.326190	0.622186	-85.742187	623.242187
5054.328194	0.645247	-85.742187	623.242187
5054.330192	0.643405	7.077454	0.229464
5055.356207	0.647753	-216.796875	-0.390625
5055.358212	0.645567	-216.796875	-0.390625
5055.362214	0.643270	7.075974	0.451205
5056.416247	0.458231	-81.640625	631.542969
5056.418249	0.642721	-81.640625	631.542969
5056.420248	0.644961	7.094567	0.241335
5057.442781	0.297612	-220.996094	3.027344
5057.444784	0.580946	-220.996094	3.027344
5057.446783	0.645765	-220.996094	3.027344
5057.448784	0.643503	7.078536	0.190963
5058.504807	0.320192	-81.445312	629.199219
5058.506807	0.594276	-81.445312	629.199219
5058.508809	0.645417	-81.445312	629.199219
5058.510809	0.643329	7.076621	0.212571
5059.536875	0.643521	-227.441406	4.296875
5059.538879	0.644916	7.094080	0.205440
5060.598910	0.643927	-74.023437	642.773437
5060.600915	0.642589	-74.023437	642.773437
5060.602915	0.641555	7.057106	0.383994
5061.628990	0.644107	-235.253906	4.882812
5061.630991	0.644426	7.088683	0.225371
5062.681568	0.378212	-71.289062	642.675781
5062.683567	0.621806	-71.289062	642.675781
5062.685566	0.644902	-71.289062	642.675781
5062.687566	0.643071	7.073776	0.191573
5063.719601	0.410976	-240.136719	6.152344
5063.721600	0.632611	-240.136719	6.152344
5063.723601	0.644729	-240.136719	6.152344
5063.725601	0.642989	7.072881	0.242610
5064.768197	0.556136	-70.410156	638.574219
5064.772200	0.643726	-70.410156	638.574219
5064.774201	0.642359	7.065951	0.338020
5065.814253	0.493229	-234.960937	7.226562
5065.816254	0.645305	-234.960937	7.226562
5065.818255	0.644552	7.090074	0.261426
5066.854283	0.285080	-63.769531	649.414062
5066.856286	0.298623	-63.769531	649.414062
5066.858284	0.646206	-63.769531	649.414062
5066.860285	0.643946	7.083401	0.177029
5067.908303	0.491138	-241.406250	5.273437
5067.910303	0.645387	-241.406250	5.273437
5067.912304	0.644795	7.092750	0.269679
5068.942340	0.533817	-64.746094	648.925781
5068.944342	0.646166	-64.746094	648.925781
5068.946343	0.644093	7.085023	0.196100
5070.000365	0.420035	-244.140625	3.027344
5070.002365	0.635326	-244.140625	3.027344
5070.004365	0.645019	-244.140625	3.027344
5070.006364	0.643307	7.076373	0.268422
5071.032382	0.645893	-61.914062	654.785156
5071.034384	0.643607	7.079679	0.267451
5072.094448	0.636981	-246.484375	0.976562
5072.096450	0.644933	-246.484375	0.976562
5072.098451	0.643263	7.075894	0.260143
5073.117380	0.335267	-70.996094	638.085937
5073.119382	0.602496	-70.996094	638.085937
5073.121381	0.645256	-70.996094	638.085937
5073.123381	0.643170	7.074875	0.167322
5074.183398	0.560169	-241.503906	1.171875
5074.185400	0.646707	-241.503906	1.171875
5074.187399	0.644457	7.089028	0.430084
5075.209398	0.634623	-70.605469	641.308594
5075.211400	0.645118	-70.605469	641.308594
5075.213400	0.643342	7.076763	0.191497
5076.273932	0.346575	-241.308594	0.195312
5076.275935	0.608209	-241.308594	0.195312
5076.277934	0.645233	-241.308594	0.195312
5076.279935	0.643216	7.075381	0.266754
5077.299959	0.646467	-66.699219	650.000000
5077.301960	0.645202	7.097226	0.174487
5078.363981	0.356995	-245.898437	-2.734375
5078.365982	0.612879	-245.898437	-2.734375
5078.367984	0.645148	-245.898437	-2.734375
5078.369984	0.643190	7.075088	0.256298
5079.387994	0.437840	-69.433594	646.289062
5079.389996	0.639357	-69.433594	646.289062
5079.391997	0.645052	-69.433594	646.289062
5079.393998	0.643460	7.078057	0.185411
5080.456028	0.573671	-236.328125	0.390625
5080.458030	0.645962	-236.328125	0.390625
5080.460027	0.643751	7.081265	0.518114
5081.476021	0.293530	-72.656250	643.457031
5081.478024	0.578439	-72.656250	643.457031
5081.480023	0.646065	-72.656250	643.457031
5081.482024	0.643935	7.083286	0.200621
5082.546087	0.448914	-237.500000	0.488281
5082.548087	0.641565	-237.500000	0.488281
5082.550088	0.645294	-237.500000	0.488281
5082.554086	0.642509	7.067599	0.259561
5083.568184	0.469997	-71.777344	643.261719
5083.570185	0.643750	-71.777344	643.261719
5083.572187	0.644617	7.090783	0.190328
5084.636200	0.468313	-244.238281	-3.125000
5084.638202	0.643789	-244.238281	-3.125000
5084.640202	0.644858	7.093442	0.251474
5085.658196	0.396918	-75.781250	636.230469
5085.662196	0.644638	-75.781250	636.230469
5085.664197	0.642844	-75.781250	636.230469
5085.666197	0.641680	7.058480	0.208481
5086.727143	0.625328	-242.871094	-0.390625
5086.729147	0.645124	-242.871094	-0.390625
5086.731146	0.643284	7.076125	0.271973
5087.749690	0.593766	-68.652344	649.023437
5087.751693	0.645885	-68.652344	649.023437
5087.753693	0.643809	7.081903	0.611763
5088.817718	0.629750	-239.453125	1.953125
5088.819720	0.645448	-239.453125	1.953125
5088.821722	0.643611	7.079723	0.269882
5089.839783	0.553926	-67.968750	650.976562
5089.841785	0.646734	-67.968750	650.976562
5089.843787	0.644539	7.089932	0.332835
5090.905784	0.487377	-248.730469	-0.195312
5090.907784	0.644594	-248.730469	-0.195312
5090.909786	0.644153	7.085688	0.292114
5091.928724	0.404840	-66.601562	651.074219
5091.930728	0.630811	-66.601562	651.074219
5091.932727	0.644689	-66.601562	651.074219
5091.934727	0.642974	7.072713	0.197404
5092.996729	0.599562	-245.507812	3.417969
5092.998731	0.645260	-245.507812	3.417969
5093.000733	0.643227	7.075496	0.284330
5094.022759	0.632056	-64.746094	655.468750
5094.024759	0.645243	-64.746094	655.468750
5094.026762	0.643485	7.078332	0.178221
5095.086789	0.635965	-251.855469	3.613281
5095.088790	0.645353	-251.855469	3.613281
5095.090791	0.643663	7.080290	0.287841
5096.115342	0.646284	-65.234375	656.347656
5096.117351	0.644100	7.085102	0.333010
5097.173443	0.525759	-250.292969	5.761719
5097.175446	0.646536	-250.292969	5.761719
5097.177443	0.644648	7.091129	0.284693
5098.205457	0.426043	-68.652344	651.757812
5098.207458	0.636643	-68.652344	651.757812
5098.209460	0.644761	-68.652344	651.757812
5098.211459	0.644671	7.091386	0.185813
5099.259460	0.313747	-250.976562	5.957031
5099.261460	0.590668	-250.976562	5.957031
5099.263462	0.645555	-250.976562	5.957031
5099.265462	0.643476	7.078234	0.300874
5100.299541	0.564920	-69.238281	652.539062
5100.301543	0.645645	-69.238281	652.539062
5100.303542	0.643407	7.077481	0.401163
5101.347563	0.561404	-249.218750	7.128906
5101.349565	0.646524	-249.218750	7.128906
5101.351565	0.644273	7.086999	0.466953
5102.391600	0.273007	-74.609375	645.507812
5102.393601	0.564571	-74.609375	645.507812
5102.395601	0.645607	-74.609375	645.507812
5102.397602	0.643431	7.077738	0.210415
5103.433653	0.522876	-252.050781	6.542969
5103.435656	0.645861	-252.050781	6.542969
5103.437655	0.643944	7.083383	0.292080
5104.486213	0.508261	-76.269531	644.628906
5104.488214	0.645723	-76.269531	644.628906
5104.492215	0.642878	7.071658	0.211937
5105.524279	0.644395	-244.628906	7.812500
5105.526281	0.644700	7.091704	0.274547
5106.578311	0.284922	-81.835937	637.890625
5106.580311	0.572631	-81.835937	637.890625
5106.582312	0.645548	-81.835937	637.890625
5106.584311	0.643235	7.075584	0.237930
5107.610337	0.559473	-241.894531	5.664062
5107.612340	0.645761	-241.894531	5.664062
5107.614338	0.643503	7.078536	0.419299
5108.670343	0.285154	-85.742187	631.835937
5108.672347	0.572897	-85.742187	631.835937
5108.674345	0.645932	-85.742187	631.835937
5108.676348	0.643651	7.080166	0.254265
5109.698882	0.432804	-238.671875	3.222656
5109.700884	0.638688	-238.671875	3.222656
5109.702885	0.645374	-238.671875	3.222656
5109.704885	0.643724	7.080964	0.235432
5110.760955	0.382578	-87.597656	627.050781
5110.762957	0.623560	-87.597656	627.050781
5110.764958	0.645049	-87.597656	627.050781
5110.766956	0.643187	7.075052	0.269748
