time (s)	coil I (A)	last det (V)	int current (uC)
4069.863583	0.328229	-171.386719	3.417969
4069.865583	0.496316	-171.386719	3.417969
4069.867587	0.497029	5.467324	0.052662
4070.901629	0.362592	-26.269531	557.128906
4070.903632	0.497251	-26.269531	557.128906
4070.905632	0.496099	5.457088	0.008707
4071.965684	0.300233	-174.804687	-1.367187
4071.967683	0.492999	-174.804687	-1.367187
4071.969682	0.496469	-174.804687	-1.367187
4071.973683	0.494123	5.435358	0.076993
4072.985723	0.425322	-35.253906	574.804687
4072.987725	0.497732	-35.253906	574.804687
4072.989725	0.495926	5.455192	0.009607
4074.055750	0.420419	-168.457031	-7.128906
4074.057752	0.497568	-168.457031	-7.128906
4074.059752	0.495751	5.453259	0.062981
4075.081763	0.350762	-54.785156	588.183594
4075.083763	0.497517	-54.785156	588.183594
4075.085764	0.496925	5.466172	0.048278
4076.136726	0.488786	-164.550781	-9.863281
4076.138725	0.489989	-164.550781	-9.863281
4076.140727	0.496406	5.460464	0.262833
4077.181250	0.479625	-53.613281	585.937500
4077.183253	0.496684	-53.613281	585.937500
4077.187250	0.494127	5.435402	0.071220
4078.221816	0.411699	-163.281250	-5.664062
4078.223818	0.497788	-163.281250	-5.664062
4078.225817	0.495904	5.454943	0.015274
4079.273889	0.471174	-50.390625	575.488281
4079.275891	0.497161	-50.390625	575.488281
4079.277891	0.495578	5.451355	0.058375
4080.309898	0.327149	-171.386719	-1.660156
4080.311901	0.495643	-171.386719	-1.660156
4080.313899	0.496419	5.460607	0.033765
4081.361925	0.381752	-40.332031	571.972656
4081.363926	0.497903	-40.332031	571.972656
4081.365924	0.496391	5.460297	0.066031
4082.403977	0.491945	-180.859375	-0.390625
4082.405979	0.496429	-180.859375	-0.390625
4082.407979	0.495064	5.445700	0.047612
4083.452027	0.482312	-38.378906	569.921875
4083.454028	0.496935	-38.378906	569.921875
4083.456027	0.495491	5.450397	0.155848
4084.494093	0.461762	-179.687500	0.976562
4084.496094	0.497389	-179.687500	0.976562
4084.498095	0.495733	5.453064	0.044407
4085.543077	0.430639	-37.988281	572.363281
4085.545079	0.434331	-37.988281	572.363281
4085.547078	0.495653	5.452178	0.052951
4086.583110	0.444678	-169.335937	2.832031
4086.585111	0.497120	-169.335937	2.832031
4086.587111	0.495459	5.450051	0.049990
4087.637125	0.497336	-42.089844	575.683594
4087.639127	0.495934	-42.089844	575.683594
4087.641127	0.494940	5.444335	0.227285
4088.671181	0.375081	-167.089844	-0.488281
4088.673185	0.497908	-167.089844	-0.488281
4088.675186	0.496502	5.461519	0.019913
4089.727223	0.344286	-49.316406	587.402344
4089.729224	0.496256	-49.316406	587.402344
4089.733223	0.494578	5.440356	0.079852
4090.761240	0.496993	-162.207031	-4.199219
4090.763240	0.495284	-162.207031	-4.199219
4090.765239	0.494212	5.436333	0.020574
4091.815265	0.480992	-57.910156	595.800781
4091.817268	0.496680	-57.910156	595.800781
4091.819267	0.495196	5.447154	0.178056
4092.855805	0.411867	-162.792969	-7.617187
4092.857806	0.497648	-162.792969	-7.617187
4092.859808	0.495922	5.455138	0.032094
4093.897852	0.491533	-55.957031	599.414062
4093.899854	0.496466	-55.957031	599.414062
4093.901855	0.495032	5.445354	0.074746
4094.956359	0.489863	-176.269531	-8.984375
4094.958361	0.496332	-176.269531	-8.984375
4094.960363	0.494914	5.444052	0.056925
4095.978919	0.330823	-38.769531	589.062500
4095.980920	0.496597	-38.769531	589.062500
4095.982922	0.496996	5.466961	0.032511
4097.046958	0.333373	-180.175781	-0.781250
4097.048961	0.496117	-180.175781	-0.781250
4097.050961	0.496421	5.460633	0.088657
4098.072989	0.248757	-30.664062	575.781250
4098.074992	0.481265	-30.664062	575.781250
4098.076993	0.496361	-30.664062	575.781250
4098.078990	0.494875	5.443626	0.016445
4099.129009	0.404389	-184.960937	1.855469
4099.131011	0.498474	-184.960937	1.855469
4099.133012	0.496741	5.464151	0.084015
4100.175034	0.405202	-43.164062	579.296875
4100.177035	0.498367	-43.164062	579.296875
4100.179035	0.496499	5.461484	0.062988
4101.211121	0.475857	-168.750000	-2.343750
4101.213125	0.496930	-168.750000	-2.343750
4101.215123	0.495411	5.449520	0.052019
4102.265153	0.390969	-57.421875	597.265625
4102.267157	0.498487	-57.421875	597.265625
4102.271155	0.495609	5.451700	0.070548
4103.314086	0.501225	-171.972656	-10.937500
4103.316086	0.499805	5.497855	0.249057
4104.340642	0.290401	-49.511719	595.996094
4104.342646	0.491078	-49.511719	595.996094
4104.344644	0.496450	-49.511719	595.996094
4104.346644	0.495108	5.446187	0.052898
4105.410689	1.778280	-185.937500	-6.542969
4105.412691	0.497371	-185.937500	-6.542969
4105.414690	0.496007	5.456078	0.405985
4106.430704	0.379656	-34.960937	581.933594
4106.432704	0.497867	-34.960937	581.933594
4106.434704	0.496320	5.459525	0.022625
4107.492739	0.468671	-182.226562	1.953125
4107.494740	0.496704	-182.226562	1.953125
4107.496741	0.495188	5.447065	0.092268
4108.534779	0.438858	-40.820312	581.347656
4108.536779	0.497560	-40.820312	581.347656
4108.538780	0.495760	5.453357	0.059910
4109.570839	0.477326	-175.097656	-3.027344
4109.572841	0.496903	-175.097656	-3.027344
4109.576839	0.494380	5.438176	0.079366
4110.628894	0.462046	-58.691406	597.949219
4110.630897	0.496846	-58.691406	597.949219
4110.632897	0.495252	5.447774	0.074016
4111.669438	0.485090	-171.191406	-10.449219
4111.673443	0.495293	-171.191406	-10.449219
4111.675446	0.494284	5.437121	0.043736
4112.705481	0.406797	-55.859375	602.929687
4112.707483	0.411888	-55.859375	602.929687
4112.709484	0.496419	5.460607	0.072067
4113.775529	0.495207	-185.058594	-8.691406
4113.777531	0.494268	5.436953	0.083809
4114.792064	0.497535	-42.773437	591.113281
4114.794065	0.495767	5.453437	0.027711
4115.859005	0.420148	-188.378906	-0.976562
4115.861007	0.497637	-188.378906	-0.976562
4115.863005	0.495877	5.454651	0.106310
4116.887060	0.415100	-35.644531	583.300781
4116.889060	0.497279	-35.644531	583.300781
4116.891062	0.495449	5.449936	0.032026
4117.939087	0.366630	-191.210937	1.269531
4117.941088	0.497760	-191.210937	1.269531
4117.943089	0.496573	5.462299	0.101289
4118.987105	0.481191	-41.308594	586.718750
4118.989107	0.496613	-41.308594	586.718750
4118.991105	0.495110	5.446214	0.168738
4120.025103	0.494471	-179.492187	0.976562
4120.029104	0.494798	5.442775	0.072791
4121.079082	0.352205	-53.027344	595.117187
4121.081088	0.497140	-53.027344	595.117187
4121.083090	0.496451	5.460961	0.088833
4122.115103	0.497465	-180.468750	-6.250000
4122.117104	0.495562	5.451186	0.034659
4123.168039	0.386203	-56.347656	601.855469
4123.170041	0.498221	-56.347656	601.855469
4123.172040	0.496640	5.463035	0.098787
4124.206058	0.437406	-173.730469	-7.714844
4124.208059	0.497309	-173.730469	-7.714844
4124.210059	0.495525	5.450778	0.041692
4125.256123	0.432941	-60.156250	605.468750
4125.258126	0.497149	-60.156250	605.468750
4125.260127	0.495425	5.449670	0.100992
4126.300155	0.496499	-179.003906	-10.937500
4126.302157	0.495100	-179.003906	-10.937500
4126.304158	0.494152	5.435677	0.309022
4127.345135	0.724897	-58.984375	607.812500
4127.347136	0.496057	5.456627	0.097865
4128.391135	0.496574	-171.679687	-7.519531
4128.395136	0.494064	5.434702	0.073267
4129.435151	0.304983	-60.058594	608.398437
4129.437151	0.493147	-60.058594	608.398437
4129.439152	0.496160	5.457762	0.094360
4130.479165	0.497087	-169.433594	-5.078125
4130.481166	0.495473	5.450202	0.042424
4131.529199	0.496454	-63.476562	605.273437
4131.531201	0.495907	5.454979	0.097664
4132.567811	0.496404	-173.437500	-3.515625
4132.569815	0.494907	-173.437500	-3.515625
4132.571814	0.493949	5.433444	0.046128
4133.619805	0.318386	-57.324219	603.710937
4133.621804	0.495161	-57.324219	603.710937
4133.623806	0.496695	5.463646	0.104209
4134.653817	0.425487	-183.593750	-2.343750
4134.657819	0.495235	-183.593750	-2.343750
4134.659820	0.494123	5.435358	0.064191
4135.708409	0.343076	-53.125000	595.214844
4135.710411	0.496642	-53.125000	595.214844
4135.712412	0.496374	5.460110	0.091125
4136.747016	0.380667	-195.898437	0.781250
4136.749019	0.497745	-195.898437	0.781250
4136.753017	0.494936	5.444300	0.095300
4137.793963	0.493879	-40.527344	595.019531
4137.795965	0.498154	-40.527344	595.019531
4137.797965	0.496868	5.465543	0.061641
4138.845997	0.442244	-195.605469	1.855469
4138.847998	0.497140	-195.605469	1.855469
4138.849997	0.495347	5.448820	0.120311
4139.874074	0.268761	-38.085937	599.609375
4139.876077	0.486598	-38.085937	599.609375
4139.878078	0.496494	-38.085937	599.609375
4139.880075	0.495086	5.445948	0.039572
4140.944105	0.497857	-191.406250	-1.855469
4140.946104	0.497879	5.476665	0.114805
4141.964108	0.479662	-47.656250	610.546875
4141.966110	0.496332	-47.656250	610.546875
4141.968108	0.494835	5.443183	0.137004
4143.032186	0.497158	-182.714844	-7.031250
4143.034187	0.495597	-182.714844	-7.031250
4143.036188	0.494525	5.439771	0.085764
4144.060261	0.359748	-66.406250	613.769531
4144.062262	0.498082	-66.406250	613.769531
4144.064263	0.497112	5.468237	0.099826
4145.108297	0.274782	-177.832031	-7.324219
4145.110297	0.488725	-177.832031	-7.324219
4145.112298	0.497468	-177.832031	-7.324219
4145.114298	0.495968	5.455652	0.058197
4146.162340	0.493108	-57.714844	613.769531
4146.164342	0.497407	-57.714844	613.769531
4146.166342	0.496095	5.457044	0.105922
4147.194379	0.346082	-185.253906	0.585937
4147.196382	0.496569	-185.253906	0.585937
4147.198380	0.496139	5.457531	0.072344
4148.250405	0.416604	-48.535156	603.125000
4148.252406	0.421776	-48.535156	603.125000
4148.254407	0.495251	5.447765	0.077374
4149.296397	0.497244	-193.945312	4.394531
4149.298400	0.495714	5.452852	0.107506
4150.326409	0.286060	-40.527344	603.710937
4150.328412	0.490673	-40.527344	603.710937
4150.330413	0.496927	-40.527344	603.710937
4150.332413	0.495529	5.450822	0.051882
4151.394497	0.495985	-194.140625	0.488281
4151.396499	0.495814	5.453951	0.117580
4152.414478	0.487909	-53.027344	612.792969
4152.416479	0.496410	-53.027344	612.792969
4152.418480	0.494990	5.444893	0.289295
4153.481429	0.375865	-189.550781	-6.835937
4153.483431	0.497558	-189.550781	-6.835937
4153.485431	0.496055	5.456601	0.102030
4154.509468	0.452193	-62.402344	621.386719
4154.511468	0.496901	-62.402344	621.386719
4154.513468	0.495284	5.448120	0.098683
4155.565516	0.497651	-183.496094	-8.984375
4155.567517	0.496047	5.456512	0.073951
4156.612038	0.455774	-62.109375	621.972656
4156.614041	0.497469	-62.109375	621.972656
4156.616040	0.495840	5.454235	0.112089
4157.648021	0.483168	-182.617187	-1.953125
4157.650022	0.496399	-182.617187	-1.953125
4157.652024	0.494909	5.443998	0.208818
4158.704036	0.483723	-55.371094	617.187500
4158.706038	0.496697	-55.371094	617.187500
4158.708039	0.495228	5.447508	0.100178
4159.736070	0.306302	-192.285156	3.125000
4159.738073	0.493255	-192.285156	3.125000
4159.740073	0.496032	5.456353	0.097187
4160.790091	2.224551	-50.195312	609.667969
4160.792094	0.497645	5.474095	0.552324
4161.835043	0.498306	-202.148437	3.808594
4161.837045	0.496424	5.460660	0.121093
4162.873587	0.438746	-41.699219	614.355469
4162.875589	0.497348	-41.699219	614.355469
4162.877589	0.495713	5.452843	0.056667
4163.928079	0.346193	-200.683594	3.417969
4163.930079	0.496721	-200.683594	3.417969
4163.932080	0.496385	5.460235	0.138049
4164.958106	0.366071	-43.554687	615.625000
4164.960107	0.497376	-43.554687	615.625000
4164.962108	0.496239	5.458630	0.055942
4166.024138	0.497780	-199.316406	2.636719
4166.026140	0.496478	5.461253	0.517321
4167.046154	0.265256	-47.949219	614.550781
4167.048156	0.485799	-47.949219	614.550781
4167.050155	0.496536	-47.949219	614.550781
4167.052155	0.495020	5.445222	0.061620
4168.118193	0.496353	-198.144531	1.562500
4168.120196	0.495263	5.447898	0.129726
4169.136239	0.359970	-44.140625	620.605469
4169.138239	0.496988	-44.140625	620.605469
4169.140240	0.496005	5.456051	0.054513
4170.204289	0.490894	-208.496094	-1.660156
4170.206290	0.495890	-208.496094	-1.660156
4170.208289	0.494475	5.439222	0.144775
4171.230841	0.495620	-44.921875	621.191406
4171.232844	0.494608	5.440684	0.051878
4172.296879	0.496885	-204.785156	1.171875
4172.298880	0.495429	5.449724	0.328069
4173.318884	0.435394	-47.753906	615.527344
4173.320885	0.439839	-47.753906	615.527344
4173.322885	0.495338	5.448722	0.045514
4174.380930	0.364229	-205.468750	2.441406
4174.382932	0.498082	-205.468750	2.441406
4174.384932	0.497075	5.467820	0.143740
4175.411040	0.279851	-44.531250	619.335937
4175.413044	0.488920	-44.531250	619.335937
4175.415044	0.496212	-44.531250	619.335937
4175.417043	0.494832	5.443157	0.062429
4176.469067	0.489598	-203.320312	5.273437
4176.471069	0.496328	-203.320312	5.273437
4176.473071	0.494952	5.444468	0.135988
4177.509172	0.418157	-50.683594	617.480469
4177.511175	0.497291	-50.683594	617.480469
4177.513174	0.495405	5.449458	0.074583
4178.553179	0.497367	-206.054687	2.832031
4178.555187	0.495803	5.453835	0.112678
4179.604128	0.330132	-57.910156	621.289062
4179.608127	0.496239	-57.910156	621.289062
4179.610130	0.494871	5.443582	0.101652
4180.638166	0.493088	-196.777344	-1.464844
4180.640167	0.496088	-196.777344	-1.464844
4180.642166	0.494835	5.443183	0.448207
4181.695082	0.393350	-69.628906	622.167969
4181.697083	0.497154	-69.628906	622.167969
4181.699082	0.495438	5.449821	0.123292
4182.731105	0.466592	-187.988281	-5.175781
4182.733105	0.497662	-187.988281	-5.175781
4182.735106	0.496056	5.456618	0.069510
4183.781197	0.497413	-73.144531	625.781250
4183.783198	0.495752	5.453277	0.122017
4184.832158	0.497090	-192.480469	-6.835937
4184.834159	0.495248	5.447730	0.091004
4185.862661	0.498047	-64.648437	630.664062
4185.866663	0.495102	5.446126	0.112574
4186.929249	0.495285	-197.070312	-1.269531
4186.931251	0.496067	5.456742	0.122774
4187.947250	0.411074	-51.269531	627.441406
4187.949253	0.497934	-51.269531	627.441406
4187.951252	0.496067	5.456742	0.067886
4189.017294	0.496558	-215.722656	-0.585937
4189.019298	0.496167	5.457841	0.147969
4190.043340	0.432890	-47.558594	625.000000
4190.045341	0.496931	-47.558594	625.000000
4190.047341	0.495143	5.446578	0.071930
4191.097400	0.464067	-210.937500	4.199219
4191.099403	0.497050	-210.937500	4.199219
4191.101402	0.495352	5.448873	0.147276
4192.143967	0.422708	-53.906250	625.976562
4192.145968	0.497305	-53.906250	625.976562
4192.147969	0.495371	5.449085	0.094832
4193.180005	0.481068	-199.218750	3.125000
4193.182006	0.496595	-199.218750	3.125000
4193.184007	0.495053	5.445585	0.221566
4194.242063	0.496013	-66.992187	626.269531
4194.246062	0.493883	5.432717	0.129265
4195.272596	0.497340	-193.554687	-4.492187
4195.274597	0.495582	5.451398	0.080693
4196.323133	0.463971	-71.777344	630.664062
4196.325135	0.496772	-71.777344	630.664062
4196.327134	0.495209	5.447295	0.141085
4197.369162	0.489459	-196.582031	-8.398437
4197.371166	0.496008	-196.582031	-8.398437
4197.373166	0.494567	5.440232	0.088789
4198.404151	0.351970	-71.582031	629.882812
4198.406153	0.496329	-71.582031	629.882812
4198.408153	0.495581	5.451390	0.142643
4199.468689	0.496678	-197.363281	-3.808594
4199.470691	0.495189	-197.363281	-3.808594
4199.472690	0.494234	5.436572	0.273894
4200.490715	0.473780	-64.355469	629.199219
4200.492717	0.496390	-64.355469	629.199219
4200.494717	0.496296	5.459260	0.105979
4201.559274	0.458197	-208.203125	-3.125000
4201.561277	0.496946	-208.203125	-3.125000
4201.563277	0.495284	5.448120	0.151431
4202.577804	0.398269	-55.957031	629.199219
4202.579807	0.497704	-55.957031	629.199219
4202.581806	0.495913	5.455041	0.071157
4203.650756	0.484737	-213.769531	-0.292969
4203.652758	0.486462	-213.769531	-0.292969
4203.654758	0.494653	5.441180	0.162174
4204.669304	0.395843	-53.125000	627.832031
4204.671304	0.497605	-53.125000	627.832031
4204.673305	0.495802	5.453827	0.068353
4205.736287	1.269971	-214.062500	2.636719
4205.738289	0.496767	-214.062500	2.636719
4205.740295	0.495819	5.454013	0.170000
4206.762349	0.446692	-48.535156	633.496094
4206.764351	0.496760	-48.535156	633.496094
4206.766350	0.495088	5.445966	0.079003
4207.824402	0.382851	-219.238281	2.246094
4207.826404	0.389887	-219.238281	2.246094
4207.828404	0.496169	5.457860	0.175843
4208.858981	0.495383	-51.367187	630.664062
4208.862981	0.493555	5.429101	0.079500
4209.915524	0.497368	-218.847656	3.808594
4209.917524	0.495557	5.451124	0.175154
4210.946047	0.487182	-52.539062	629.394531
4210.948051	0.496279	-52.539062	629.394531
4210.950049	0.494874	5.443618	0.090909
4212.004610	0.437168	-219.531250	4.199219
4212.006612	0.496818	-219.531250	4.199219
4212.008611	0.495039	5.445425	0.183164
4213.037117	0.479504	-53.125000	632.031250
4213.039118	0.497055	-53.125000	632.031250
4213.041118	0.495590	5.451487	0.092495
4214.093670	0.422858	-218.554687	4.296875
4214.095672	0.497067	-218.554687	4.296875
4214.097671	0.495274	5.448013	0.178776
4215.127725	0.496505	-49.511719	636.328125
4215.129728	0.494921	-49.511719	636.328125
4215.131728	0.493849	5.432336	0.077376
4216.185751	0.400577	-224.218750	2.148437
4216.187754	0.498114	-224.218750	2.148437
4216.189753	0.496362	5.459986	0.183045
4217.212675	0.412152	-50.976562	636.914062
4217.214676	0.497044	-50.976562	636.914062
4217.216677	0.495108	5.446187	0.086618
4218.280674	0.497316	-221.093750	2.343750
4218.282675	0.495546	-221.093750	2.343750
4218.284675	0.494444	5.438885	0.177684
4219.301268	0.450589	-55.371094	633.886719
4219.303269	0.496597	-55.371094	633.886719
4219.305270	0.494875	5.443626	0.078043
4220.369783	0.240983	-217.578125	0.292969
4220.371784	0.478990	-217.578125	0.292969
4220.373784	0.496273	-217.578125	0.292969
4220.375784	0.494824	5.443068	0.173182
4221.391834	0.497905	-61.328125	633.007812
4221.393836	0.496005	5.456051	0.089515
4222.460779	0.394890	-213.964844	-2.441406
4222.462782	0.497664	-213.964844	-2.441406
4222.464782	0.495883	5.454713	0.164964
4223.482796	0.494211	-67.871094	633.984375
4223.484798	0.495150	-67.871094	633.984375
4223.486797	0.497255	5.469806	0.451816
4224.550843	0.496323	-206.835937	-4.785156
4224.552846	0.494782	5.442607	0.151146
4225.578912	0.496614	-77.246094	632.031250
4225.580915	0.494911	5.444016	0.138963
4226.634948	0.496624	-197.363281	-4.394531
4226.636950	0.495113	5.446240	0.122921
4227.674967	0.465169	-75.488281	634.570312
4227.676971	0.496383	-75.488281	634.570312
4227.678969	0.494726	5.441987	0.157642
4228.714990	0.410330	-205.273437	-6.054687
4228.716992	0.497195	-205.273437	-6.054687
4228.718993	0.495368	5.449050	0.097705
4229.771915	0.496963	-74.316406	633.105469
4229.773917	0.495406	-74.316406	633.105469
4229.775919	0.494315	5.437467	0.161683
4230.802436	0.381871	-207.910156	1.855469
4230.804438	0.497373	-207.910156	1.855469
4230.806439	0.497387	5.471259	0.126604
4231.860482	0.476049	-64.257812	640.722656
4231.862484	0.496975	-64.257812	640.722656
4231.864484	0.496937	5.466305	0.148750
4232.896575	0.354746	-217.285156	6.640625
4232.898579	0.496990	-217.285156	6.640625
4232.900577	0.496171	5.457886	0.165434
4233.944592	0.496843	-55.957031	643.457031
4233.946594	0.495168	5.446852	0.104460
4234.994650	0.435682	-230.859375	2.539062
4234.996651	0.497145	-230.859375	2.539062
4234.998652	0.495303	5.448332	0.182079
4236.024660	0.422012	-55.566406	640.722656
4236.026662	0.497252	-55.566406	640.722656
4236.028663	0.497208	5.469283	0.100049
4237.090726	0.291502	-221.875000	1.562500
4237.094726	0.496503	-221.875000	1.562500
4237.096728	0.495136	-221.875000	1.562500
4237.098728	0.494213	5.436341	0.186514
4238.112847	0.496005	-61.328125	641.015625
4238.114850	0.497091	5.467998	0.535265
4239.183360	0.487789	-218.164062	-2.832031
4239.185362	0.496996	-218.164062	-2.832031
4239.187360	0.495556	5.451115	0.384253
4240.205372	0.496931	-66.992187	643.847656
4240.207372	0.495892	5.454811	0.131476
4241.269430	0.454158	-211.718750	-5.566406
4241.271434	0.496427	-211.718750	-5.566406
4241.273432	0.494753	5.442279	0.135322
4242.299470	0.317979	-76.757812	639.453125
4242.301471	0.494376	-76.757812	639.453125
4242.303473	0.494811	5.442917	0.165533
4243.351508	0.407005	-204.394531	-4.296875
4243.353510	0.498022	-204.394531	-4.296875
4243.355511	0.496242	5.458666	0.129197
4244.397549	0.496770	-82.812500	629.785156
4244.399551	0.496143	5.457575	0.174392
4245.436484	0.316914	-210.058594	-6.738281
4245.438485	0.494510	-210.058594	-6.738281
4245.440485	0.496204	5.458249	0.114006
4246.492509	0.497353	-74.316406	641.210937
4246.494510	0.495421	5.449626	0.173561
4247.524591	0.411134	-208.300781	-0.097656
4247.526591	0.497938	-208.300781	-0.097656
4247.528592	0.496142	5.457558	0.128888
4248.582626	0.436221	-73.632812	641.992187
4248.584627	0.497172	-73.632812	641.992187
4248.586626	0.495381	5.449192	0.169992
4249.614711	0.449133	-209.863281	3.515625
4249.616712	0.496773	-209.863281	3.515625
4249.618712	0.495121	5.446330	0.135600
4250.672735	0.466574	-68.554687	646.972656
4250.674739	0.496526	-68.554687	646.972656
4250.676745	0.494917	5.444087	0.164405
4251.708732	0.496287	-213.867187	6.542969
4251.710734	0.494990	5.444893	0.148640
4252.762746	0.496265	-69.433594	643.945312
4252.764748	0.496608	-69.433594	643.945312
4252.766748	0.495287	5.448155	0.161231
4253.794813	0.301769	-216.699219	7.519531
4253.796816	0.493154	-216.699219	7.519531
4253.798817	0.496172	-216.699219	7.519531
4253.800816	0.494876	5.443635	0.163922
4254.852852	0.486832	-70.507812	641.210937
4254.854856	0.496027	-70.507812	641.210937
4254.856855	0.494616	5.440773	0.361056
4255.887827	0.496886	-225.097656	4.394531
4255.891827	0.494417	5.438583	0.195581
4256.942372	0.415573	-72.167969	641.796875
4256.944375	0.497197	-72.167969	641.796875
4256.946373	0.495331	5.448643	0.168074
4257.976937	0.480526	-218.164062	5.566406
4257.978938	0.496627	-218.164062	5.566406
4257.980938	0.495091	5.446002	0.259403
4259.032972	0.364845	-73.925781	641.406250
4259.034973	0.497475	-73.925781	641.406250
4259.036974	0.496345	5.459800	0.164123
4260.065471	0.431823	-222.460937	1.855469
4260.067473	0.497250	-222.460937	1.855469
4260.069474	0.495462	5.450087	0.143371
4261.125440	0.489986	-75.000000	641.699219
4261.127443	0.497055	-75.000000	641.699219
4261.131440	0.494775	5.442527	0.428704
4262.155499	0.340670	-217.675781	-0.585937
4262.157501	0.496482	-217.675781	-0.585937
4262.159499	0.496367	5.460039	0.131426
4263.214073	0.458250	-79.882812	635.839844
4263.216076	0.496648	-79.882812	635.839844
4263.218076	0.495001	5.445009	0.179150
4264.248625	0.478202	-214.062500	-2.441406
4264.250627	0.496304	-214.062500	-2.441406
4264.252627	0.494731	5.442040	0.136873
4265.301212	0.493054	-77.734375	639.355469
4265.303215	0.496089	-77.734375	639.355469
4265.305214	0.494758	5.442333	0.195811
4266.341249	0.363232	-210.058594	-3.125000
4266.343250	0.497438	-210.058594	-3.125000
4266.345251	0.496280	5.459082	0.140571
4267.385323	0.486439	-83.105469	633.691406
4267.387327	0.496273	-83.105469	633.691406
4267.389332	0.494770	5.442465	0.205825
4268.439884	0.495923	-217.187500	-4.980469
4268.441891	0.497166	5.468822	0.596191
4269.470870	0.496423	-79.785156	637.207031
4269.472870	0.496743	5.464178	0.668948
4270.535435	0.413900	-220.507812	-1.367187
4270.537438	0.497772	-220.507812	-1.367187
4270.539437	0.495867	5.454536	0.169763
4271.559481	0.495546	-72.265625	640.722656
4271.563481	0.493454	5.427993	0.148533
4272.628036	0.479234	-230.957031	1.171875
4272.630039	0.496401	-230.957031	1.171875
4272.632040	0.494894	5.443830	0.278985
4273.644072	0.269523	-63.378906	650.195312
4273.646074	0.486628	-63.378906	650.195312
4273.648074	0.496316	-63.378906	650.195312
4273.650074	0.494948	5.444433	0.129382
4274.714151	0.310451	-238.378906	4.589844
4274.716154	0.493974	-238.378906	4.589844
4274.718154	0.496396	5.460358	0.231961
4275.740184	0.476639	-63.183594	647.265625
4275.742186	0.496515	-63.183594	647.265625
4275.744185	0.494984	5.444823	0.155242
4276.800235	0.497660	-239.648437	7.128906
4276.802236	0.496063	-239.648437	7.128906
4276.804238	0.494898	5.443883	0.236201
4277.836243	0.296455	-64.062500	653.417969
4277.838249	0.492722	-64.062500	653.417969
4277.840250	0.497048	-64.062500	653.417969
4277.842250	0.495680	5.452480	0.146641
4278.880289	0.269646	-232.812500	9.375000
4278.882297	0.486957	-232.812500	9.375000
4278.884300	0.496619	-232.812500	9.375000
4278.886300	0.495109	5.446196	0.223926
4279.934333	0.284728	-68.457031	653.027344
4279.936335	0.489707	-68.457031	653.027344
4279.938335	0.496082	-68.457031	653.027344
4279.942335	0.493774	5.431512	0.156623
4280.966377	0.296933	-223.828125	6.640625
4280.968373	0.492664	-223.828125	6.640625
4280.972373	0.495640	-223.828125	6.640625
4280.976371	0.493903	5.432930	0.179063
4282.028378	0.480233	-79.199219	639.746094
4282.030379	0.495896	-79.199219	639.746094
4282.032379	0.494446	5.438903	0.192856
4283.058943	0.475675	-217.480469	1.367187
4283.060945	0.496366	-217.480469	1.367187
4283.062947	0.494840	5.443245	0.153783
4284.115016	0.465232	-81.250000	634.082031
4284.117018	0.497198	-81.250000	634.082031
4284.121019	0.494537	5.439904	0.206411
4285.151061	0.276147	-218.554687	-2.929687
4285.153063	0.286019	-218.554687	-2.929687
4285.155064	0.495836	-218.554687	-2.929687
4285.157063	0.494336	5.437697	0.154004
4286.199098	0.444686	-85.546875	629.785156
4286.201100	0.497517	-85.546875	629.785156
4286.203100	0.495738	5.453118	0.212687
4287.249171	0.383656	-217.968750	-2.539062
4287.251171	0.389638	-217.968750	-2.539062
4287.253171	0.496007	5.456078	0.162238
4288.281261	0.430197	-81.933594	635.253906
4288.285263	0.495117	-81.933594	635.253906
4288.287264	0.493964	5.433603	0.209720
4289.345311	0.441543	-221.679687	-1.171875
4289.347313	0.497008	-221.679687	-1.171875
4289.349313	0.495179	5.446967	0.171248
4290.367750	0.263231	-79.394531	637.207031
4290.369751	0.484900	-79.394531	637.207031
4290.371751	0.495954	-79.394531	637.207031
4290.373751	0.494596	5.440551	0.200177
4291.437799	0.376741	-226.269531	-0.585937
4291.439800	0.497539	-226.269531	-0.585937
4291.441800	0.496061	5.456672	0.175749
4292.457779	0.351889	-79.687500	636.230469
4292.459783	0.360244	-79.687500	636.230469
4292.461789	0.496569	5.462255	0.188206
4293.530334	0.434901	-230.371094	-0.976562
4293.532338	0.497129	-230.371094	-0.976562
4293.538335	0.493424	5.427665	0.190613
4294.548387	0.452728	-73.046875	643.261719
4294.550390	0.497482	-73.046875	643.261719
4294.552389	0.495802	5.453827	0.172130
4295.622418	0.496955	-234.765625	-1.953125
4295.624416	0.495369	5.449059	0.187887
4296.638958	0.436474	-74.511719	642.382812
4296.640959	0.496942	-74.511719	642.382812
4296.642959	0.495105	5.446152	0.176441
4297.711047	0.493170	-237.011719	-3.906250
4297.713047	0.496481	-237.011719	-3.906250
4297.715047	0.495072	5.445789	0.193382
4298.729993	0.438244	-80.957031	634.179687
4298.731995	0.497052	-80.957031	634.179687
4298.733996	0.495302	5.448323	0.190168
4299.798886	0.490247	-232.324219	-2.929687
4299.800887	0.496133	-232.324219	-2.929687
4299.802886	0.494758	5.442333	0.196753
4300.822956	0.497809	-83.886719	632.617187
4300.824956	0.496428	5.460713	0.196508
4301.885526	0.317656	-228.710937	-2.246094
4301.887527	0.495113	-228.710937	-2.246094
4301.889527	0.496807	5.464878	0.192807
4302.915564	0.493385	-89.843750	624.121094
4302.917567	0.496164	5.457806	0.559887
4303.971619	0.415674	-225.390625	-2.539062
4303.973622	0.497058	-225.390625	-2.539062
4303.975621	0.495247	5.447721	0.176813
4305.009628	0.493606	-90.332031	621.972656
4305.011632	0.496376	5.460137	0.569443
4306.058607	0.467342	-227.148437	-3.222656
4306.060609	0.496855	-227.148437	-3.222656
4306.064606	0.494262	5.436882	0.167411
4307.102619	0.366946	-90.429687	622.167969
4307.104620	0.496948	-90.429687	622.167969
4307.106622	0.495750	5.453251	0.234443
4308.144645	0.475712	-224.804687	1.757812
4308.146646	0.496502	-224.804687	1.757812
4308.148645	0.494940	5.444335	0.169907
4309.198710	0.496793	-80.957031	638.964844
4309.200714	0.495547	5.451017	0.223734
4310.232744	0.452293	-231.933594	6.250000
4310.234747	0.497287	-231.933594	6.250000
4310.236746	0.495646	5.452107	0.193317
4311.290822	0.494719	-76.660156	646.484375
4311.292825	0.493820	5.432017	0.239360
4312.326845	0.454748	-247.753906	7.617187
4312.328848	0.497589	-247.753906	7.617187
4312.330848	0.495981	5.455786	0.217765
4313.374908	0.498277	-68.359375	658.300781
4313.376911	0.496574	5.462317	0.164571
4314.420871	0.482261	-248.828125	10.644531
4314.422870	0.496830	-248.828125	10.644531
4314.424871	0.495387	5.449254	0.266303
4315.456906	0.491033	-67.773437	655.566406
4315.458905	0.495906	-67.773437	655.566406
4315.462906	0.493580	5.429376	0.454733
4316.517477	0.394099	-255.957031	7.910156
4316.519478	0.497667	-255.957031	7.910156
4316.521479	0.495918	5.455094	0.284369
4317.543501	0.496380	-64.453125	660.253906
4317.545503	0.494901	-64.453125	660.253906
4317.547503	0.494028	5.434303	0.149390
4318.611545	0.392830	-253.710937	5.859375
4318.613546	0.498273	-253.710937	5.859375
4318.615547	0.496588	5.462468	0.270513
4319.633601	0.495912	-71.582031	647.558594
4319.635603	0.494671	5.441384	0.153777
4320.704195	0.455070	-250.292969	2.832031
4320.706197	0.497593	-250.292969	2.832031
4320.708195	0.495893	5.454819	0.245744
4321.720233	0.494368	-77.929687	639.160156
4321.722237	0.498792	-77.929687	639.160156
4321.724237	0.497473	5.472198	0.498602
4322.794268	0.496910	-247.460937	-0.195312
4322.796270	0.496008	5.456087	0.240836
4323.812836	0.497053	-82.910156	632.324219
4323.814838	0.495458	5.450043	0.210544
4324.880865	0.474228	-238.085937	0.097656
4324.882867	0.496022	-238.085937	0.097656
4324.884868	0.494556	5.440117	0.215798
4325.906899	0.492883	-91.113281	618.457031
4325.908901	0.495819	-91.113281	618.457031
4325.910901	0.494408	5.438486	0.232561
4326.963836	0.325127	-236.328125	-3.222656
4326.965838	0.495127	-236.328125	-3.222656
4326.967838	0.496121	5.457327	0.201211
4328.002409	0.423422	-91.503906	613.671875
4328.004411	0.497285	-91.503906	613.671875
4328.006411	0.495373	5.449103	0.255134
4329.048977	0.288922	-233.886719	-3.125000
4329.050981	0.490639	-233.886719	-3.125000
4329.052979	0.496135	-233.886719	-3.125000
4329.056980	0.493841	5.432256	0.196028
4330.097033	0.497334	-87.207031	614.746094
4330.099033	0.495951	5.455466	0.261456
4331.137066	0.312813	-236.132812	-4.003906
4331.139067	0.494028	-236.132812	-4.003906
4331.141069	0.496114	5.457256	0.194798
4332.189084	0.470519	-91.503906	613.183594
4332.191087	0.496699	-91.503906	613.183594
4332.193088	0.495082	5.445904	0.253430
4333.231139	0.478158	-236.914062	-1.855469
4333.233140	0.496533	-236.914062	-1.855469
4333.235139	0.494973	5.444699	0.195956
4334.275667	0.392477	-93.554687	614.453125
4334.277668	0.497473	-93.554687	614.453125
4334.279668	0.495761	5.453375	0.246804
4335.319686	1.473974	-234.277344	0.878906
4335.321688	0.496972	-234.277344	0.878906
4335.323688	0.495244	5.447685	0.180041
4336.367765	0.401270	-92.285156	617.285156
4336.369767	0.497962	-92.285156	617.285156
4336.371769	0.496175	5.457930	0.231771
4337.406313	0.282484	-240.820312	-2.929687
4337.408314	0.489180	-240.820312	-2.929687
4337.410313	0.495927	-240.820312	-2.929687
4337.412315	0.494506	5.439568	0.188672
4338.457310	1.612683	-89.843750	618.359375
4338.459310	0.496366	-89.843750	618.359375
4338.461311	0.496298	5.459277	0.243203
4339.499350	0.358777	-238.281250	-1.171875
4339.501354	0.496848	-238.281250	-1.171875
4339.503352	0.495981	5.455786	0.184424
4340.547882	0.462310	-88.281250	618.457031
4340.549884	0.496343	-88.281250	618.457031
4340.551884	0.494718	5.441898	0.241305
4341.591977	0.493536	-239.453125	-1.171875
4341.593980	0.497733	5.475061	0.506968
4342.638547	0.493364	-87.695312	615.332031
4342.640550	0.496257	5.458825	0.588380
4343.682503	0.472089	-238.574219	-0.878906
4343.684505	0.496004	-238.574219	-0.878906
4343.686505	0.494472	5.439195	0.188645
4344.726546	0.476689	-90.429687	612.207031
4344.728547	0.496012	-90.429687	612.207031
4344.730547	0.494493	5.439425	0.293857
4345.774594	0.381787	-238.964844	0.000000
4345.776595	0.497181	-238.964844	0.000000
4345.778594	0.495644	5.452081	0.197984
4346.813083	0.451398	-91.796875	612.109375
4346.815084	0.496441	-91.796875	612.109375
4346.817084	0.494688	5.441570	0.247749
4347.869125	0.372504	-243.554687	-0.195312
4347.871127	0.497295	-243.554687	-0.195312
4347.873128	0.495922	5.455147	0.213488
4348.899181	0.490878	-93.261719	612.109375
4348.901182	0.496512	-93.261719	612.109375
4348.903183	0.495053	5.445585	0.517704
4349.964099	0.418380	-247.851562	-1.074219
4349.966098	0.496764	-247.851562	-1.074219
4349.968101	0.494946	5.444406	0.218416
4350.984646	0.295632	-91.015625	614.941406
4350.986645	0.494109	-91.015625	614.941406
4350.988647	0.499061	-91.015625	614.941406
4350.992644	0.496832	5.465153	0.243498
4352.056621	0.271541	-255.664062	-0.781250
4352.058623	0.487414	-255.664062	-0.781250
4352.060623	0.496805	-255.664062	-0.781250
4352.062624	0.495311	5.448421	0.242079
4353.074634	0.497067	-84.570312	625.976562
4353.076638	0.495535	5.450884	0.208906
4354.155194	0.484408	-258.984375	3.515625
4354.157196	0.496951	-258.984375	3.515625
4354.159198	0.495452	5.449972	0.385332
4355.163203	0.314631	-77.050781	637.011719
4355.165204	0.494124	-77.050781	637.011719
4355.167207	0.495974	5.455714	0.204178
4356.239205	0.422461	-269.238281	3.808594
4356.241208	0.497680	-269.238281	3.808594
4356.245205	0.495764	5.453402	0.305310
4357.251785	0.335867	-74.804687	644.921875
4357.253787	0.496099	-74.804687	644.921875
4357.255788	0.496247	5.458719	0.187940
4358.327832	0.440404	-269.433594	8.300781
4358.329835	0.496763	-269.433594	8.300781
4358.331834	0.494963	5.444592	0.312060
4359.345868	0.405896	-72.070312	653.417969
4359.347868	0.497682	-72.070312	653.417969
4359.349868	0.495914	5.455059	0.179690
4360.417894	0.494713	-271.289062	11.230469
4360.419896	0.493744	5.431183	0.455888
4361.441921	0.449258	-71.191406	658.691406
4361.443923	0.496762	-71.191406	658.691406
4361.445923	0.495201	5.447206	0.186629
4362.497962	0.429798	-269.726562	12.304687
4362.499965	0.497179	-269.726562	12.304687
4362.501964	0.495393	5.449325	0.306821
4363.539999	0.441157	-77.343750	650.976562
4363.543999	0.495110	-77.343750	650.976562
4363.546001	0.493966	5.433621	0.188396
4364.586540	0.496148	-261.718750	13.671875
4364.588542	0.494818	5.442997	0.709688
4365.638606	0.497003	-78.906250	643.359375
4365.640607	0.495522	5.450743	0.202086
4366.670622	0.348354	-256.054687	10.839844
4366.672624	0.496642	-256.054687	10.839844
4366.674623	0.496242	5.458657	0.252269
4367.726689	0.393796	-86.816406	624.511719
4367.728690	0.498031	-86.816406	624.511719
4367.730689	0.496313	5.459445	0.252678
4368.760735	0.470123	-249.316406	6.738281
4368.762737	0.496725	-249.316406	6.738281
4368.764738	0.495146	5.446604	0.234649
4370.260790	0.463577	-372.070312	92.382812
4370.262790	0.496914	-372.070312	92.382812
4370.264791	0.495292	5.448208	-0.223467
4371.469736	0.497064	-361.230469	-56.250000
4371.471739	0.495217	5.447384	0.048509
