num crossings	time (s)	maj axis (mm)	min axis (mm)	theta (rad )	slope (V/s)
3853	6291.886070	80.681495	13.136952	-0.522105	102.818745
3855	6293.974175	80.477999	13.421651	-0.526200	98.603949
3857	6296.064056	80.616876	13.464296	-0.524941	102.762027
3859	6298.151836	80.356464	13.483674	-0.522589	104.276706
3861	6300.243287	80.386402	13.712162	-0.523929	98.424534
3863	6302.333006	80.250236	15.417289	-0.509502	99.818632
3865	6304.423410	81.020598	14.148477	-0.519723	100.760737
3867	6306.516276	80.410740	15.894876	-0.517670	97.816256
3869	6308.607447	80.319289	13.903750	-0.523080	95.972165
3871	6310.700640	80.130290	14.182907	-0.511779	97.868910
3873	6312.792350	79.958318	14.144990	-0.507562	101.126884
3875	6314.884851	80.007229	14.248443	-0.503566	98.003657
3877	6316.976620	80.502550	15.649175	-0.512397	99.331040
3879	6319.067921	76.915672	16.125681	-0.521201	95.791356
3881	6321.158216	79.917832	13.794946	-0.499252	96.808770
3883	6323.247503	80.036487	17.220967	-0.524410	90.201417
3885	6325.337386	79.131407	14.570775	-0.506082	97.795908
3887	6327.425803	79.160959	14.647569	-0.503802	92.472137
3889	6329.515710	79.368090	13.874132	-0.492773	89.495139
3891	6331.605517	79.142895	13.084843	-0.499031	91.730323
3893	6333.695946	79.158802	13.718002	-0.494567	91.801693
3895	6335.786158	79.111292	14.304283	-0.486962	94.388153
3897	6337.878081	76.673550	15.781495	-0.502039	85.973115
3899	6339.968607	80.201905	13.822546	-0.490184	89.134563
3901	6342.059700	78.329454	14.213714	-0.488242	89.491231
3903	6344.150206	78.721396	14.085704	-0.488624	90.576706
3905	6346.239728	82.303707	15.467324	-0.487836	93.596355
3907	6348.328885	78.122193	14.037749	-0.474350	93.369790
3909	6350.417318	80.220880	15.895428	-0.477179	93.257452
3911	6352.505152	78.122629	14.379033	-0.479661	92.000191
3913	6354.593366	77.975703	15.207412	-0.470620	90.316098
3915	6356.682133	77.914650	16.313054	-0.466939	94.740220
3917	6358.770751	76.503245	14.002617	-0.475129	89.875185
3919	6360.860474	78.486620	15.432840	-0.468576	92.156717
3921	6362.950394	77.249775	14.556835	-0.461499	93.332794
3923	6365.041059	78.757217	15.504756	-0.463287	89.970234
3925	6367.131741	77.193493	15.113144	-0.460935	90.917022
3927	6369.222841	76.923669	14.647296	-0.455082	88.351932
3929	6371.314759	75.788584	14.226843	-0.461046	90.304679
3931	6373.406971	76.347655	14.491509	-0.450524	92.746401
3933	6375.498972	76.993053	15.456471	-0.446755	86.963360
3935	6377.591005	76.910328	15.147864	-0.445800	88.438569
3937	6379.682694	76.822306	15.244895	-0.441998	88.651413
3939	6381.773565	77.091645	16.021404	-0.451915	90.293810
3941	6383.863935	76.792428	14.828907	-0.443206	88.453347
3943	6385.953777	76.276152	14.828094	-0.441016	86.242010
3945	6388.043060	76.140960	14.883944	-0.440660	84.615855
3947	6390.132327	76.095846	14.950528	-0.439333	86.099187
3949	6392.221851	76.275082	14.955828	-0.438224	83.930027
3951	6394.311688	77.285380	14.966857	-0.442276	84.612194
3953	6396.401570	76.097993	14.639354	-0.437255	82.297341
3955	6398.492349	75.502851	15.047592	-0.433618	81.747821
3957	6400.583397	75.433587	15.111211	-0.432578	83.304712
3959	6402.674326	75.664305	14.719994	-0.433760	82.094128
3961	6404.765034	75.528040	15.390569	-0.423852	81.172659
3963	6406.855364	75.417524	15.056277	-0.423695	84.851079
3965	6408.945330	75.619903	15.477006	-0.424515	85.355568
3967	6411.032975	75.049596	15.493629	-0.415392	84.426550
3969	6413.123217	74.228676	15.459461	-0.422707	86.330911
3971	6415.211272	74.597634	15.151175	-0.411776	81.713662
3973	6417.299781	75.084209	17.457239	-0.410489	85.738536
3975	6419.388325	73.625882	15.304301	-0.414772	81.280404
3977	6421.477342	72.736140	15.721574	-0.443950	84.098696
3979	6423.567706	75.186082	16.496931	-0.405363	84.595757
3981	6425.657377	73.911203	15.482077	-0.404834	86.571653
3983	6427.746023	74.107463	17.350265	-0.398462	79.756276
3985	6429.836806	76.149094	16.863060	-0.401329	82.449955
3987	6431.927865	73.532094	15.537894	-0.398683	82.293291
3989	6434.019469	76.442092	16.509168	-0.389181	80.078393
3991	6436.111189	74.734684	16.242333	-0.398564	79.621712
3993	6438.203111	73.856850	16.515813	-0.386040	81.464728
3995	6440.295980	73.790401	16.312065	-0.385325	79.535733
3997	6442.386074	73.677786	16.216911	-0.381873	79.677306
3999	6444.477038	73.399458	15.711763	-0.383323	80.246893
4001	6446.567476	71.371255	16.085836	-0.391390	77.437168
4003	6448.657873	73.514341	15.896130	-0.383678	77.419866
4005	6450.748692	73.184565	15.857472	-0.378158	73.288794
4007	6452.837707	73.361777	15.955497	-0.380833	76.890394
4009	6454.926713	72.880187	19.850606	-0.397718	75.259546
4011	6457.016942	72.424531	16.735857	-0.383907	74.525372
4013	6459.107087	72.808986	15.982837	-0.374736	72.973122
4015	6461.196949	72.799008	16.127773	-0.368487	75.147372
4017	6463.287722	74.822652	16.386984	-0.377018	75.531696
4019	6465.378470	72.255005	16.067433	-0.368495	75.011962
4021	6467.469037	72.185295	16.120957	-0.367784	75.021446
4023	6469.560236	72.149380	16.107579	-0.364905	75.195598
4025	6471.649973	72.288485	17.692354	-0.352704	76.425694
4027	6473.739795	69.105788	16.769885	-0.390915	69.362570
4029	6475.828447	71.125270	16.581349	-0.362233	77.899389
4031	6477.917594	70.837163	16.455342	-0.360857	75.621044
4033	6480.006568	68.356932	16.726290	-0.395760	77.105112
4035	6482.094818	68.749021	16.375691	-0.393639	74.970379
4037	6484.184069	71.212046	16.208792	-0.346106	77.516509
4039	6486.273404	71.525879	17.050761	-0.341891	75.143083
4041	6488.363817	70.883387	16.448744	-0.339153	76.760477
4043	6490.453592	72.813734	17.341761	-0.352135	75.924523
4045	6492.545027	71.135106	18.407719	-0.333804	76.053310
4047	6494.636382	68.553614	16.715609	-0.381705	71.785918
4049	6496.727883	70.579540	16.441469	-0.333304	73.185183
4051	6498.819341	70.965507	17.394029	-0.323447	73.112976
4053	6500.911174	70.234985	16.513957	-0.326722	76.551960
4055	6503.001663	67.816418	16.435225	-0.358755	73.475456
4057	6505.092571	69.782519	17.246336	-0.333605	71.232057
4059	6507.182253	70.780345	16.711489	-0.327682	69.876616
4061	6509.272889	70.068924	16.617812	-0.319782	68.141873
4063	6511.362482	69.808652	17.601960	-0.329173	71.184341
4065	6513.452006	72.974546	17.150160	-0.337293	69.459766
4067	6515.541502	69.914265	16.736854	-0.316828	67.451254
4069	6517.631588	69.777614	16.764640	-0.315338	67.837301
4071	6519.721482	69.587194	16.851413	-0.309517	66.854064
4073	6521.812544	69.854768	16.867597	-0.313128	67.230921
4075	6523.903251	69.506272	16.858405	-0.309855	67.043670
4077	6525.993568	70.203311	19.331378	-0.305901	67.527265
4079	6528.084226	66.465031	16.949304	-0.315676	68.245909
4081	6530.174278	71.196179	17.799714	-0.298796	67.407293
4083	6532.264358	69.483890	17.382978	-0.297775	66.950415
4085	6534.354421	69.423713	17.629169	-0.293288	67.392500
4087	6536.443991	68.664258	17.084714	-0.292616	68.139268
4089	6538.533243	65.801496	17.014439	-0.332847	68.733182
4091	6540.621336	65.095199	17.331879	-0.334729	70.234409
4093	6542.710858	68.579592	17.001507	-0.287583	68.521128
4095	6544.800595	68.647793	19.006637	-0.279039	68.214512
4097	6546.889618	67.482867	17.833128	-0.293668	69.640990
4099	6548.980576	67.370552	17.885616	-0.290913	68.755951
4101	6551.070757	67.276910	18.138323	-0.290390	66.561933
4103	6553.161627	70.371015	18.089815	-0.285679	68.355476
4105	6555.252437	67.588104	17.226024	-0.272038	68.839047
4107	6557.342937	64.311369	17.320909	-0.318586	66.619346
4109	6559.434327	64.279491	17.539970	-0.313310	63.898445
4111	6561.527271	64.143525	17.611947	-0.307748	66.491246
4113	6563.617549	67.056321	18.083306	-0.275206	65.240787
4115	6565.707848	63.857088	17.413271	-0.292329	66.503469
4117	6567.797290	67.798917	17.592116	-0.265577	62.902854
4119	6569.886306	67.461146	20.011107	-0.264545	61.665925
4121	6571.976374	64.369318	17.922762	-0.279549	61.103305
4123	6574.066191	64.800508	17.507934	-0.269210	60.967420
4125	6576.155104	67.499338	17.741980	-0.259466	59.775202
4127	6578.245308	66.760957	17.550971	-0.250211	61.175400
4129	6580.336124	64.302287	17.701545	-0.265132	57.782808
4131	6582.426684	67.044949	17.707270	-0.252105	63.223345
4133	6584.518360	66.448833	17.673182	-0.243711	56.181053
4135	6586.607903	69.260541	18.413425	-0.265711	59.258375
4137	6588.698554	66.918951	18.064533	-0.238297	61.052066
4139	6590.788896	66.401773	17.711767	-0.240855	59.287254
4141	6592.878253	66.523613	19.466599	-0.229324	61.829667
4143	6594.968509	68.689239	18.325011	-0.259928	60.361173
4145	6597.058410	65.768410	17.811583	-0.229176	62.938268
4147	6599.148032	66.167828	17.772241	-0.230075	61.881413
4149	6601.235852	66.384209	18.656223	-0.219641	61.460046
4151	6603.324325	65.236807	17.816971	-0.221241	62.957856
4153	6605.414614	65.732981	17.822774	-0.222999	64.386838
4155	6607.504585	65.581301	17.849720	-0.193208	62.552208
4157	6609.595299	67.988937	18.954755	-0.219988	63.947415
4159	6611.685212	65.795910	18.903601	-0.205072	60.643250
4161	6613.775660	65.094559	17.905778	-0.211480	59.595697
