crossing time (s)	slope (V/s)	crossing number
281474976710655.000000	76.209053	1542	75477458944.000000
281474976710655.000000	53.701931	1543	75478491136.000000
281474976710655.000000	50.024761	1544	75479564288.000000
281474976710655.000000	83.551598	1545	75480580096.000000
281474976710655.000000	68.772697	1546	75481661440.000000
281474976710655.000000	81.806717	1547	75482660864.000000
281474976710655.000000	82.382675	1548	75483758592.000000
281474976710655.000000	53.783909	1549	75484749824.000000
281474976710655.000000	83.553024	1550	75485831168.000000
281474976710655.000000	52.179390	1551	75486863360.000000
281474976710655.000000	83.961693	1552	75487911936.000000
281474976710655.000000	76.847633	1553	75488960512.000000
281474976710655.000000	117.269547	1554	75489992704.000000
281474976710655.000000	41.613609	1555	75491041280.000000
281474976710655.000000	73.323982	1556	75492106240.000000
281474976710655.000000	78.774765	1557	75493113856.000000
281474976710655.000000	82.651711	1558	75494203392.000000
281474976710655.000000	83.864769	1559	75495219200.000000
281474976710655.000000	168.511856	1560	75496267776.000000
281474976710655.000000	Inf	1561	75497324544.000000
281474976710655.000000	69.602974	1562	75498356736.000000
281474976710655.000000	43.761024	1563	75499397120.000000
281474976710655.000000	79.901985	1564	75500478464.000000
281474976710655.000000	78.772987	1565	75501469696.000000
281474976710655.000000	79.557220	1566	75502559232.000000
281474976710655.000000	38.059769	1567	75503583232.000000
281474976710655.000000	81.774925	1568	75504631808.000000
281474976710655.000000	82.459320	1569	75505688576.000000
281474976710655.000000	57.431633	1570	75506712576.000000
281474976710655.000000	158.383057	1571	75507761152.000000
281474976710655.000000	50.607857	1572	75508826112.000000
281474976710655.000000	147.671082	1573	75509841920.000000
281474976710655.000000	166.703583	1574	75510923264.000000
281474976710655.000000	82.674789	1575	75511922688.000000
281474976710655.000000	51.232388	1576	75513012224.000000
281474976710655.000000	163.354294	1577	75514011648.000000
281474976710655.000000	76.996506	1578	75515101184.000000
281474976710655.000000	176.400131	1579	75516100608.000000
281474976710655.000000	75.886154	1580	75517190144.000000
281474976710655.000000	Inf	1581	75518189568.000000
281474976710655.000000	116.385857	1582	75519279104.000000
281474976710655.000000	81.729836	1583	75520286720.000000
281474976710655.000000	160.775055	1584	75521368064.000000
281474976710655.000000	154.704361	1585	75522383872.000000
281474976710655.000000	78.102303	1586	75523448832.000000
281474976710655.000000	53.392807	1587	75524489216.000000
281474976710655.000000	51.367577	1588	75525529600.000000
281474976710655.000000	152.232697	1589	75526586368.000000
281474976710655.000000	58.596218	1590	75527618560.000000
281474976710655.000000	80.192825	1591	75528667136.000000
281474976710655.000000	51.000687	1592	75529723904.000000
281474976710655.000000	163.134888	1593	75530739712.000000
281474976710655.000000	74.962509	1594	75531829248.000000
281474976710655.000000	40.201424	1595	75532828672.000000
281474976710655.000000	72.537086	1596	75533910016.000000
281474976710655.000000	75.242455	1597	75534942208.000000
281474976710655.000000	152.596405	1598	75535982592.000000
281474976710655.000000	40.036053	1599	75537039360.000000
281474976710655.000000	146.703720	1600	75538071552.000000
281474976710655.000000	81.263161	1601	75539111936.000000
281474976710655.000000	73.594696	1602	75540185088.000000
281474976710655.000000	153.716034	1603	75541184512.000000
281474976710655.000000	75.995682	1604	75542282240.000000
281474976710655.000000	51.560940	1605	75543281664.000000
281474976710655.000000	149.351013	1606	75544354816.000000
281474976710655.000000	148.185486	1607	75545387008.000000
281474976710655.000000	47.874210	1608	75546435584.000000
281474976710655.000000	155.319214	1609	75547492352.000000
281474976710655.000000	75.207901	1610	75548516352.000000
281474976710655.000000	154.153580	1611	75549573120.000000
281474976710655.000000	73.515495	1612	75550613504.000000
281474976710655.000000	37.251804	1613	75551662080.000000
281474976710655.000000	72.116989	1614	75552702464.000000
281474976710655.000000	73.714043	1615	75553751040.000000
281474976710655.000000	76.856476	1616	75554791424.000000
281474976710655.000000	37.876099	1617	75555840000.000000
281474976710655.000000	155.916763	1618	75556880384.000000
281474976710655.000000	41.343342	1619	75557928960.000000
281474976710655.000000	77.601158	1620	75558969344.000000
281474976710655.000000	77.288162	1621	75560026112.000000
281474976710655.000000	48.894985	1622	75561058304.000000
281474976710655.000000	50.718376	1623	75562115072.000000
281474976710655.000000	78.090332	1624	75563163648.000000
281474976710655.000000	74.671463	1625	75564195840.000000
281474976710655.000000	67.932137	1626	75565268992.000000
281474976710655.000000	48.458687	1627	75566268416.000000
281474976710655.000000	73.270538	1628	75567366144.000000
281474976710655.000000	77.624626	1629	75568357376.000000
281474976710655.000000	76.467163	1630	75569446912.000000
281474976710655.000000	49.189339	1631	75570462720.000000
281474976710655.000000	37.838810	1632	75571519488.000000
281474976710655.000000	38.592293	1633	75572568064.000000
281474976710655.000000	73.699959	1634	75573600256.000000
281474976710655.000000	37.238930	1635	75574657024.000000
281474976710655.000000	72.048164	1636	75575705600.000000
281474976710655.000000	79.738892	1637	75576729600.000000
281474976710655.000000	74.639511	1638	75577810944.000000
281474976710655.000000	80.879601	1639	75578810368.000000
281474976710655.000000	73.772690	1640	75579908096.000000
281474976710655.000000	78.342003	1641	75580899328.000000
281474976710655.000000	74.870659	1642	75581980672.000000
281474976710655.000000	68.200066	1643	75583004672.000000
281474976710655.000000	34.201473	1644	75584061440.000000
281474976710655.000000	86.645508	1645	75585110016.000000
281474976710655.000000	111.660622	1646	75586142208.000000
281474976710655.000000	73.525261	1647	75587207168.000000
281474976710655.000000	47.613144	1648	75588231168.000000
281474976710655.000000	53.356750	1649	75589287936.000000
281474976710655.000000	71.634071	1650	75590320128.000000
281474976710655.000000	75.474289	1651	75591376896.000000
281474976710655.000000	41.498043	1652	75592417280.000000
281474976710655.000000	48.595058	1653	75593465856.000000
281474976710655.000000	70.254456	1654	75594506240.000000
281474976710655.000000	38.423325	1655	75595554816.000000
281474976710655.000000	35.030270	1656	75596595200.000000
281474976710655.000000	76.466858	1657	75597643776.000000
281474976710655.000000	67.729141	1658	75598684160.000000
281474976710655.000000	76.304543	1659	75599740928.000000
281474976710655.000000	34.783180	1660	75600773120.000000
281474976710655.000000	76.772141	1661	75601829888.000000
281474976710655.000000	108.657356	1662	75602878464.000000
281474976710655.000000	73.353683	1663	75603910656.000000
281474976710655.000000	Inf	1664	75604975616.000000
281474976710655.000000	74.964500	1665	75605991424.000000
281474976710655.000000	107.462044	1666	75607072768.000000
281474976710655.000000	34.113823	1667	75608072192.000000
281474976710655.000000	74.088333	1668	75609169920.000000
281474976710655.000000	71.352814	1669	75610161152.000000
281474976710655.000000	69.920593	1670	75611242496.000000
281474976710655.000000	70.909256	1671	75612274688.000000
281474976710655.000000	70.326424	1672	75613323264.000000
281474976710655.000000	45.720078	1673	75614371840.000000
281474976710655.000000	53.114193	1674	75615404032.000000
281474976710655.000000	75.188110	1675	75616460800.000000
281474976710655.000000	69.581535	1676	75617509376.000000
281474976710655.000000	69.822411	1677	75618541568.000000
281474976710655.000000	46.018055	1678	75619606528.000000
281474976710655.000000	71.365173	1679	75620614144.000000
281474976710655.000000	52.186813	1680	75621711872.000000
281474976710655.000000	70.937614	1681	75622703104.000000
281474976710655.000000	67.601112	1682	75623792640.000000
281474976710655.000000	70.449982	1683	75624792064.000000
281474976710655.000000	53.733730	1684	75625881600.000000
281474976710655.000000	106.000748	1685	75626889216.000000
281474976710655.000000	67.222191	1686	75627970560.000000
281474976710655.000000	69.813774	1687	75628986368.000000
281474976710655.000000	104.899246	1688	75630051328.000000
281474976710655.000000	140.507111	1689	75631083520.000000
281474976710655.000000	131.395264	1690	75632140288.000000
281474976710655.000000	129.764679	1691	75633164288.000000
281474976710655.000000	67.481422	1692	75634229248.000000
281474976710655.000000	52.014839	1693	75635261440.000000
281474976710655.000000	133.969116	1694	75636318208.000000
281474976710655.000000	71.577606	1695	75637342208.000000
281474976710655.000000	67.390472	1696	75638415360.000000
281474976710655.000000	64.502304	1697	75639431168.000000
281474976710655.000000	66.797356	1698	75640512512.000000
281474976710655.000000	67.050888	1699	75641520128.000000
281474976710655.000000	65.836426	1700	75642609664.000000
281474976710655.000000	108.654526	1701	75643600896.000000
281474976710655.000000	71.943230	1702	75644698624.000000
281474976710655.000000	52.557529	1703	75645689856.000000
281474976710655.000000	44.227627	1704	75646787584.000000
281474976710655.000000	72.870209	1705	75647787008.000000
281474976710655.000000	69.042679	1706	75648868352.000000
281474976710655.000000	106.934036	1707	75649892352.000000
281474976710655.000000	50.640427	1708	75650949120.000000
281474976710655.000000	76.573029	1709	75651997696.000000
281474976710655.000000	69.501846	1710	75653029888.000000
281474976710655.000000	45.784267	1711	75654086656.000000
281474976710655.000000	45.488083	1712	75655118848.000000
281474976710655.000000	69.570930	1713	75656167424.000000
281474976710655.000000	66.587105	1714	75657224192.000000
281474976710655.000000	66.312202	1715	75658248192.000000
281474976710655.000000	64.827347	1716	75659329536.000000
281474976710655.000000	32.769169	1717	75660328960.000000
281474976710655.000000	65.639343	1718	75661426688.000000
281474976710655.000000	72.506386	1719	75662417920.000000
281474976710655.000000	52.037968	1720	75663507456.000000
281474976710655.000000	42.669552	1721	75664506880.000000
281474976710655.000000	103.947319	1722	75665588224.000000
281474976710655.000000	51.354565	1723	75666612224.000000
281474976710655.000000	64.550911	1724	75667677184.000000
281474976710655.000000	66.763695	1725	75668692992.000000
281474976710655.000000	99.251167	1726	75669766144.000000
281474976710655.000000	104.067490	1727	75670790144.000000
281474976710655.000000	64.697777	1728	75671855104.000000
281474976710655.000000	66.202408	1729	75672879104.000000
281474976710655.000000	63.891441	1730	75673944064.000000
281474976710655.000000	65.178688	1731	75674976256.000000
281474976710655.000000	64.253609	1732	75676033024.000000
281474976710655.000000	65.915337	1733	75677065216.000000
281474976710655.000000	64.136124	1734	75678121984.000000
281474976710655.000000	51.204201	1735	75679154176.000000
281474976710655.000000	62.480213	1736	75680210944.000000
281474976710655.000000	63.206665	1737	75681234944.000000
281474976710655.000000	44.460625	1738	75682308096.000000
281474976710655.000000	82.220909	1739	75683323904.000000
281474976710655.000000	68.147842	1740	75684405248.000000
281474976710655.000000	66.234108	1741	75685412864.000000
281474976710655.000000	130.720337	1742	75686502400.000000
281474976710655.000000	67.006332	1743	75687493632.000000
281474976710655.000000	33.220360	1744	75688591360.000000
281474976710655.000000	66.449814	1745	75689582592.000000
281474976710655.000000	64.469872	1746	75690680320.000000
281474976710655.000000	43.706890	1747	75691687936.000000
281474976710655.000000	98.979828	1748	75692761088.000000
281474976710655.000000	98.890961	1749	75693785088.000000
281474976710655.000000	68.675049	1750	75694841856.000000
281474976710655.000000	71.292824	1751	75695890432.000000
281474976710655.000000	68.306221	1752	75696922624.000000
281474976710655.000000	64.110443	1753	75697979392.000000
281474976710655.000000	65.107231	1754	75699011584.000000
281474976710655.000000	73.125473	1755	75700060160.000000
281474976710655.000000	100.448547	1756	75701116928.000000
281474976710655.000000	63.995377	1757	75702149120.000000
281474976710655.000000	49.517593	1758	75703214080.000000
281474976710655.000000	61.312733	1759	75704229888.000000
281474976710655.000000	61.942661	1760	75705311232.000000
281474976710655.000000	40.256012	1761	75706310656.000000
281474976710655.000000	60.778507	1762	75707408384.000000
281474976710655.000000	47.733826	1763	75708399616.000000
281474976710655.000000	63.651661	1764	75709489152.000000
281474976710655.000000	63.604069	1765	75710488576.000000
281474976710655.000000	63.291286	1766	75711578112.000000
281474976710655.000000	41.894718	1767	75712577536.000000
281474976710655.000000	96.122894	1768	75713667072.000000
281474976710655.000000	65.256088	1769	75714666496.000000
281474976710655.000000	97.827682	1770	75715764224.000000
281474976710655.000000	63.945580	1771	75716755456.000000
281474976710655.000000	99.303665	1772	75717853184.000000
281474976710655.000000	65.646614	1773	75718844416.000000
281474976710655.000000	61.248688	1774	75719942144.000000
281474976710655.000000	101.601234	1775	75720941568.000000
281474976710655.000000	48.016434	1776	75722031104.000000
281474976710655.000000	44.966412	1777	75723030528.000000
281474976710655.000000	60.858540	1778	75724111872.000000
281474976710655.000000	60.808849	1779	75725135872.000000
281474976710655.000000	93.122742	1780	75726200832.000000
281474976710655.000000	47.476166	1781	75727233024.000000
281474976710655.000000	40.964272	1782	75728281600.000000
281474976710655.000000	61.740639	1783	75729330176.000000
281474976710655.000000	49.690792	1784	75730362368.000000
281474976710655.000000	43.895535	1785	75731427328.000000
281474976710655.000000	100.720711	1786	75732451328.000000
281474976710655.000000	42.647335	1787	75733508096.000000
281474976710655.000000	50.034615	1788	75734556672.000000
281474976710655.000000	98.720543	1789	75735588864.000000
281474976710655.000000	57.467262	1790	75736653824.000000
281474976710655.000000	59.876709	1791	75737669632.000000
281474976710655.000000	39.120209	1792	75738759168.000000
281474976710655.000000	60.751961	1793	75739750400.000000
281474976710655.000000	94.558525	1794	75740848128.000000
281474976710655.000000	45.356426	1795	75741839360.000000
281474976710655.000000	119.767319	1796	75742928896.000000
281474976710655.000000	40.775406	1797	75743928320.000000
281474976710655.000000	96.963097	1798	75745017856.000000
281474976710655.000000	48.701706	1799	75746017280.000000
281474976710655.000000	62.871399	1800	75747106816.000000
281474976710655.000000	58.709358	1801	75748114432.000000
281474976710655.000000	43.919224	1802	75749195776.000000
281474976710655.000000	98.717735	1803	75750203392.000000
281474976710655.000000	44.398495	1804	75751292928.000000
281474976710655.000000	46.820671	1805	75752292352.000000
281474976710655.000000	59.443523	1806	75753381888.000000
281474976710655.000000	60.584377	1807	75754381312.000000
281474976710655.000000	38.422115	1808	75755470848.000000
281474976710655.000000	45.339077	1809	75756470272.000000
281474976710655.000000	75.626724	1810	75757559808.000000
281474976710655.000000	58.901897	1811	75758559232.000000
281474976710655.000000	94.279358	1812	75759656960.000000
281474976710655.000000	59.216732	1813	75760648192.000000
281474976710655.000000	61.881493	1814	75761745920.000000
281474976710655.000000	58.135311	1815	75762745344.000000
281474976710655.000000	95.720657	1816	75763826688.000000
281474976710655.000000	56.327190	1817	75764850688.000000
281474976710655.000000	89.397087	1818	75765915648.000000
281474976710655.000000	58.796471	1819	75766947840.000000
281474976710655.000000	61.536705	1820	75767996416.000000
281474976710655.000000	37.954391	1821	75769044992.000000
281474976710655.000000	59.579189	1822	75770077184.000000
281474976710655.000000	58.025002	1823	75771142144.000000
281474976710655.000000	58.357414	1824	75772166144.000000
281474976710655.000000	91.760300	1825	75773222912.000000
281474976710655.000000	116.531677	1826	75774263296.000000
281474976710655.000000	90.467651	1827	75775303680.000000
281474976710655.000000	44.918491	1828	75776360448.000000
281474976710655.000000	59.015877	1829	75777392640.000000
281474976710655.000000	39.269539	1830	75778457600.000000
281474976710655.000000	60.728825	1831	75779473408.000000
281474976710655.000000	76.060631	1832	75780554752.000000
