num crossings	time (s)	maj axis (mm)	min axis (mm)	theta (rad )	slope (V/s)
5873	6994.674800	56.041900	12.134283	-0.465864	6.784737
5875	6996.767326	59.759087	16.300463	-0.456306	6.894651
5877	6998.858215	56.450804	11.908148	-0.471351	6.706955
5879	7000.947595	55.184804	15.743254	-0.445775	6.897520
5881	7003.036789	60.642180	11.725534	-0.453337	7.074375
5883	7005.127266	61.778362	11.894004	-0.452620	7.035512
5885	7007.218000	56.907698	11.846743	-0.458034	7.341921
5887	7009.307833	57.786820	11.708448	-0.463118	7.029402
5889	7011.398414	56.697086	11.032135	-0.477465	6.983940
5891	7013.488468	61.053617	11.255857	-0.447017	6.821722
5893	7015.580096	57.249743	10.969358	-0.474290	6.783371
5895	7017.670557	61.763343	10.456841	-0.444927	7.043975
5897	7019.760662	58.650361	11.725694	-0.454495	7.305383
5899	7021.850162	57.733825	11.633708	-0.461771	6.934301
5901	7023.938851	56.446110	11.301972	-0.459463	7.017103
5903	7026.030593	57.608232	11.250883	-0.466097	7.481960
5905	7028.122093	57.726881	11.287614	-0.463931	8.070947
5907	7030.212538	57.759230	11.764146	-0.448690	7.132044
5909	7032.302693	57.758714	11.605140	-0.457079	6.823154
5911	7034.391251	57.354900	11.204558	-0.465311	6.865449
5913	7036.480648	55.355558	11.015898	-0.445005	7.110344
5915	7038.571323	63.343718	10.255436	-0.440928	7.369556
5917	7040.663625	57.263976	10.403991	-0.464068	7.133199
5919	7042.754112	58.901320	11.254241	-0.456259	7.099191
5921	7044.845285	58.305374	10.802576	-0.456122	7.016583
5923	7046.935910	62.604232	10.259617	-0.443970	7.356370
5925	7049.025804	59.044470	11.082437	-0.449026	7.305044
5927	7051.115652	58.471797	10.704322	-0.459993	7.291798
5929	7053.205500	58.457189	10.748637	-0.454197	7.529719
5931	7055.296798	57.984876	10.648846	-0.444332	7.265152
5933	7057.387009	58.597979	10.189504	-0.460742	7.078552
5935	7059.476643	60.393232	10.896469	-0.448682	7.170722
5937	7061.566160	58.741908	10.514853	-0.456315	7.440375
5939	7063.656392	57.218421	10.844880	-0.456794	7.360028
5941	7065.746838	58.981557	10.423607	-0.452334	7.534900
5943	7067.835890	58.817787	10.261618	-0.446496	7.476964
5945	7069.926832	64.015397	9.856946	-0.438055	7.575805
5947	7072.019200	59.274313	10.225515	-0.454594	7.378472
5949	7074.109737	57.397609	10.579994	-0.407614	7.414106
5951	7076.199869	58.993841	9.694286	-0.456820	7.452863
5953	7078.289139	58.901500	9.648625	-0.458382	7.422815
5955	7080.378342	59.469728	9.681128	-0.452598	7.464466
5957	7082.468595	64.003063	9.280800	-0.424854	7.529305
5959	7084.559049	61.152517	10.337277	-0.423133	7.475115
5961	7086.649538	59.233843	11.986545	-0.415754	7.964981
5963	7088.740467	57.965473	9.719660	-0.449958	7.789319
5965	7090.831363	61.126009	10.125580	-0.432051	7.634748
5967	7092.921840	62.624798	14.179624	-0.423684	7.474196
5969	7095.011989	59.955874	9.996651	-0.433892	7.631875
5971	7097.101613	59.260705	10.144886	-0.410395	7.776787
5973	7099.192131	60.044485	9.337008	-0.448693	7.740029
5975	7101.281477	60.693134	9.195724	-0.446483	7.800177
5977	7103.372306	61.955145	9.942848	-0.437561	7.509150
5979	7105.460937	60.299132	9.562633	-0.446157	7.666407
5981	7107.552204	59.608155	10.805831	-0.407978	7.843454
5983	7109.643680	65.796561	9.182847	-0.425068	7.690681
5985	7111.734768	59.929215	9.007765	-0.448125	7.539178
5987	7113.825853	60.284933	8.984287	-0.444652	7.629340
5989	7115.916214	61.135260	8.905969	-0.442551	7.650855
5991	7118.005141	60.678979	9.334289	-0.440268	7.760219
5993	7120.094019	60.541587	9.384611	-0.438816	7.649445
5995	7122.184252	61.225356	9.498939	-0.435306	7.795631
5997	7124.274698	66.020627	10.087897	-0.415610	7.913080
5999	7126.365058	65.468469	9.015631	-0.423752	7.835644
6001	7128.455374	66.161226	9.398977	-0.415021	7.817138
6003	7130.546043	59.946643	8.991432	-0.433068	8.004998
6005	7132.636706	60.897457	8.567834	-0.444540	7.688578
6007	7134.727141	59.558913	8.718986	-0.439226	7.431575
6009	7136.817390	61.393897	8.873191	-0.437633	7.492775
6011	7138.908175	60.556383	8.867352	-0.428978	7.987632
6013	7140.997092	60.936683	8.420140	-0.439869	8.031783
6015	7143.088115	66.542260	8.659714	-0.414828	7.838915
6017	7145.177755	66.314745	8.590717	-0.419313	7.867594
6019	7147.268090	61.607786	8.258214	-0.437553	7.980443
6021	7149.358796	66.305184	8.672922	-0.418645	7.992597
6023	7151.450851	65.925431	8.308627	-0.418950	7.851430
6025	7153.541268	62.459743	8.495572	-0.431210	8.394807
6027	7155.631060	61.496734	8.198543	-0.436355	8.283375
6029	7157.721425	61.953458	8.628378	-0.431553	7.880211
6031	7159.811505	63.022243	8.604679	-0.426321	7.891595
6033	7161.900673	63.164479	8.841437	-0.420492	7.742625
6035	7163.990128	64.679914	9.256055	-0.414558	8.075987
6037	7166.080267	61.620574	7.916545	-0.431371	7.875123
6039	7168.171330	62.196835	8.380168	-0.427786	7.945434
6041	7170.261695	62.124588	8.806957	-0.421487	8.081005
6043	7172.352165	62.113566	8.309770	-0.426272	9.000148
6045	7174.441723	58.072439	6.375633	-0.382895	8.143658
6047	7176.533128	61.858756	7.958270	-0.426686	8.218411
6049	7178.624058	63.342831	8.489515	-0.416045	8.244298
6051	7180.713734	53.681039	4.522177	-0.392699	8.111803
6053	7182.804098	67.810714	7.719854	-0.402130	8.214121
6055	7184.894833	62.342600	7.723444	-0.424039	8.165321
6057	7186.985273	67.539559	7.796480	-0.409732	8.169253
6059	7189.076037	67.724011	8.009115	-0.403878	8.038210
6061	7191.166309	59.314052	8.034034	-0.424991	7.929896
6063	7193.257925	68.314721	11.980309	-0.396434	8.315079
6065	7195.347530	62.790722	7.827833	-0.421612	7.974851
6067	7197.438215	62.415704	8.225119	-0.415319	8.061397
6069	7199.527377	62.613270	7.806249	-0.417230	8.352351
6071	7201.617215	63.480523	8.058498	-0.410757	8.209639
6073	7203.706588	62.518416	8.000099	-0.417451	8.752442
6075	7205.796753	63.753237	7.817375	-0.414444	8.240145
6077	7207.886563	62.333147	7.624329	-0.415809	8.137975
6079	7209.977662	64.628203	4.740967	-0.365103	8.222583
6081	7212.067736	67.954713	7.445446	-0.400443	8.126848
6083	7214.158891	63.262389	7.246794	-0.419206	7.959337
6085	7216.249165	63.233630	7.138041	-0.418803	8.249836
6087	7218.338891	63.256625	7.823058	-0.400736	8.346595
6089	7220.429739	62.905998	7.905098	-0.409612	8.441264
6091	7222.520316	63.644333	7.481508	-0.407647	8.599440
6093	7224.610180	62.547348	7.405835	-0.408999	8.182145
6095	7226.700510	63.249498	7.421578	-0.406946	8.832206
6097	7228.791639	68.303698	7.787237	-0.396000	8.728163
6099	7230.882697	63.295610	7.266111	-0.414104	8.218479
6101	7232.973307	63.506467	11.436767	-0.394429	8.376884
6103	7235.063323	62.206303	7.402920	-0.405982	8.523545
6105	7237.154754	62.070336	7.199626	-0.399138	8.497851
6107	7239.243536	64.689448	7.492974	-0.397485	8.224987
6109	7241.333496	62.649081	7.363387	-0.406417	8.507892
6111	7243.423312	62.324274	7.478203	-0.410288	8.362761
6113	7245.513268	63.417497	7.068375	-0.405509	8.511691
6115	7247.603147	63.604841	6.637844	-0.408247	8.389332
6117	7249.693078	68.897061	7.088165	-0.383875	8.615935
6119	7251.783466	64.204244	6.544281	-0.409341	8.475122
6121	7253.873779	63.926158	6.893729	-0.406960	8.695047
6123	7255.963660	63.660652	11.480176	-0.367351	8.499442
6125	7258.054235	63.674199	6.860610	-0.402499	8.490604
6127	7260.144399	64.870761	6.880370	-0.400624	8.536066
6129	7262.235500	64.169761	6.748820	-0.405247	8.256108
6131	7264.325449	64.108976	6.815866	-0.404742	8.347278
6133	7266.415734	64.314029	6.779368	-0.406862	8.608837
6135	7268.506469	69.912037	7.858733	-0.377481	8.818935
6137	7270.597322	62.239644	6.843827	-0.396696	8.338149
6139	7272.687965	69.457121	6.961864	-0.392837	8.582278
6141	7274.778800	64.053301	6.646955	-0.402416	8.528360
6143	7276.868473	64.087010	6.656254	-0.393467	8.728546
6145	7278.959801	64.319197	6.473995	-0.391459	8.391200
6147	7281.050151	70.384380	6.329675	-0.390273	8.572288
6149	7283.140086	65.373783	5.891219	-0.402496	8.198462
6151	7285.230029	64.030143	6.768832	-0.381126	8.445155
6153	7287.319433	67.994240	7.841548	-0.385693	8.833321
6155	7289.408657	61.580252	6.497180	-0.390335	8.503566
6157	7291.499026	64.733015	6.385372	-0.401494	8.589950
6159	7293.589523	64.502159	6.384826	-0.401005	8.473695
6161	7295.679534	64.594457	6.361529	-0.398629	8.670029
6163	7297.769970	70.624627	7.503024	-0.375458	8.567381
6165	7299.860177	69.561762	6.270400	-0.384916	8.574403
6167	7301.949970	71.097307	6.469635	-0.378655	8.538143
6169	7304.040158	64.631963	6.154953	-0.397104	8.411567
6171	7306.130467	60.898860	3.643672	-0.363573	8.752226
6173	7308.221580	64.956267	6.417644	-0.387186	9.368911
6175	7310.310991	65.228416	6.198939	-0.393519	8.666039
6177	7312.402016	69.720353	6.689884	-0.385493	8.949316
6179	7314.493903	70.195131	5.884261	-0.380922	9.130476
