num crossings	time (s)	maj axis (mm)	min axis (mm)	theta (rad )	slope (V/s)
4641	5703.819838	59.196261	11.803035	-0.395730	6.669159
4643	5705.910055	58.959908	11.641474	-0.398046	6.211938
4645	5707.997267	59.541909	12.134084	-0.390813	7.144272
4647	5710.087842	59.322673	11.789132	-0.391265	6.232059
4649	5712.178095	59.030176	11.415556	-0.387218	6.731406
4651	5714.270157	59.367743	11.614368	-0.386514	6.285477
4653	5716.360097	58.796507	11.593091	-0.394724	6.567868
4655	5718.450148	59.254056	12.322232	-0.394414	6.873711
4657	5720.539130	54.356596	12.449497	-0.389677	6.832263
4659	5722.629128	61.069067	14.207589	-0.365250	6.664655
4661	5724.719485	59.101127	11.555251	-0.388222	6.211578
4663	5726.808380	56.229870	12.362357	-0.379012	6.732022
4665	5728.898408	55.354210	12.479431	-0.386925	6.517726
4667	5730.987426	54.346025	15.584379	-0.360756	6.972869
4669	5733.079130	59.388130	11.341563	-0.385691	6.597439
4671	5735.169252	59.418333	11.124737	-0.380455	6.690083
4673	5737.260604	59.108962	11.213534	-0.383033	6.371158
4675	5739.349506	53.984633	11.997693	-0.380432	7.242988
4677	5741.441142	53.351075	11.824548	-0.337256	6.536941
4679	5743.529572	59.526079	11.520355	-0.374789	6.787806
4681	5745.621828	59.754105	10.887191	-0.379803	6.469431
4683	5747.710390	59.867415	11.151585	-0.368728	6.440971
4685	5749.800708	60.028469	11.215058	-0.376055	6.419340
4687	5751.890750	59.839180	11.168907	-0.367762	6.630725
4689	5753.980887	59.591322	11.036279	-0.374584	6.236785
4691	5756.072189	60.064791	10.723402	-0.376889	6.730637
4693	5758.162529	55.271524	11.196624	-0.384482	6.401981
4695	5760.251348	59.436736	10.838062	-0.373075	6.597511
4697	5762.340800	59.757330	11.565975	-0.369958	6.519315
4699	5764.430512	59.939741	10.773928	-0.373018	6.703786
4701	5766.520703	60.398227	10.505116	-0.368206	6.405424
4703	5768.610526	59.924243	10.741175	-0.370567	6.686998
4705	5770.701581	59.485206	10.737214	-0.371710	6.368056
4707	5772.790721	60.324325	10.600768	-0.367291	6.803142
4709	5774.881658	60.150700	10.806509	-0.370816	6.501454
4711	5776.971443	60.389730	10.510439	-0.370037	6.474116
4713	5779.063236	60.270599	10.956608	-0.371483	6.670951
4715	5781.152019	60.140562	10.562885	-0.367409	6.721281
4717	5783.240515	59.794554	10.549469	-0.368310	6.868498
4719	5785.330737	60.565903	10.567662	-0.367631	6.682526
4721	5787.421125	54.089109	10.914742	-0.372604	6.771886
4723	5789.512327	59.871438	10.591210	-0.370431	6.610185
4725	5791.602163	60.299461	10.757019	-0.369116	6.809455
4727	5793.692062	60.103803	10.254328	-0.363152	6.516210
4729	5795.781173	56.059781	10.546552	-0.376598	6.916306
4731	5797.871547	53.651543	10.671122	-0.367568	6.573756
4733	5799.961994	60.482877	10.129943	-0.358432	6.636207
4735	5802.051717	60.336150	10.034128	-0.359184	6.753428
4737	5804.141036	59.761963	10.199306	-0.357816	6.631261
4739	5806.231115	60.537187	10.322977	-0.354599	7.179723
4741	5808.321948	59.961714	10.246284	-0.360483	6.744112
4743	5810.411737	60.356988	10.512340	-0.365947	6.567769
4745	5812.501934	60.310774	10.585046	-0.353207	6.730892
4747	5814.592179	60.663489	11.155008	-0.353644	6.759240
4749	5816.682634	60.037377	10.067204	-0.355655	6.562462
4751	5818.772085	60.354096	10.203242	-0.356610	6.850386
4753	5820.862660	60.437395	9.964809	-0.354751	6.601165
4755	5822.953105	60.394292	10.045293	-0.353323	6.637131
4757	5825.043481	60.489993	10.086355	-0.354621	6.498687
4759	5827.133359	60.693530	10.190463	-0.355240	6.714587
4761	5829.223746	60.755689	10.362203	-0.354328	6.739819
4763	5831.314171	60.723356	9.737542	-0.351391	6.927849
4765	5833.404358	60.699886	10.082507	-0.350734	6.601281
4767	5835.494208	61.196077	9.849917	-0.355678	6.622236
4769	5837.584485	60.278413	9.795017	-0.349612	6.720139
4771	5839.674966	61.438278	9.471407	-0.353671	6.440916
4773	5841.765900	61.069126	9.705979	-0.343107	6.759152
4775	5843.854771	60.780958	9.643255	-0.349894	6.189913
4777	5845.945019	56.767872	10.503783	-0.347806	6.613046
4779	5848.035166	60.918486	11.460874	-0.339381	6.593361
4781	5850.125218	61.080543	9.558306	-0.346180	6.801665
4783	5852.214612	61.022076	9.293974	-0.345986	6.765036
4785	5854.306803	60.802657	9.155317	-0.344734	6.398675
4787	5856.396539	60.999530	9.348532	-0.344025	6.586013
4789	5858.485784	61.546848	9.256197	-0.343882	6.643202
4791	5860.577020	57.169189	10.219143	-0.344397	6.580173
4793	5862.665868	58.370305	13.575652	-0.323236	6.651465
4795	5864.756211	60.987680	9.718560	-0.342781	6.594640
4797	5866.846195	61.179216	9.157559	-0.341240	6.723565
4799	5868.935934	61.071253	9.103336	-0.341383	6.497255
4801	5871.026188	60.628298	9.382911	-0.344950	6.600422
4803	5873.116552	60.673780	9.145567	-0.340517	6.941392
4805	5875.206460	60.659612	9.360884	-0.341901	6.959674
4807	5877.296243	61.251654	9.157612	-0.333375	6.776516
4809	5879.386210	61.531114	9.517890	-0.337328	6.929878
4811	5881.477806	61.372272	8.898728	-0.335771	6.817427
4813	5883.565467	61.124087	9.010407	-0.340631	6.755634
4815	5885.655987	60.794885	8.926080	-0.334694	6.684001
4817	5887.747235	60.602628	9.046307	-0.338281	6.563417
4819	5889.837025	61.101264	9.113546	-0.335069	6.774630
4821	5891.927515	60.937773	8.892507	-0.333922	6.673549
4823	5894.017001	61.203944	8.816624	-0.334722	6.754384
4825	5896.107581	61.178397	8.692085	-0.331644	6.491404
4827	5898.197872	61.020521	8.499233	-0.333937	6.840881
4829	5900.287365	61.591411	8.999539	-0.332068	6.713906
4831	5902.377656	61.446832	8.609707	-0.331659	6.961366
4833	5904.467079	57.063903	8.914305	-0.337249	6.712839
4835	5906.556528	61.258305	8.889424	-0.329298	6.524265
4837	5908.646747	61.092433	8.623158	-0.328172	6.663284
4839	5910.737435	61.473216	8.354826	-0.326236	6.705195
4841	5912.827535	62.119147	8.940978	-0.323439	6.749094
4843	5914.917631	56.490430	9.409522	-0.326557	6.632519
4845	5917.008161	57.419924	9.167334	-0.326768	6.630515
4847	5919.097903	61.780815	8.565087	-0.330816	6.727624
4849	5921.188444	61.880479	9.060717	-0.326118	6.888964
4851	5923.277973	62.463963	8.482475	-0.323467	6.835421
4853	5925.369279	56.534494	8.730949	-0.332733	6.759732
4855	5927.458552	61.681658	8.669186	-0.329506	6.555624
4857	5929.549406	57.243705	9.236660	-0.322913	6.874866
4859	5931.639233	66.968670	10.830338	-0.307023	6.678368
4861	5933.728996	61.923060	8.270078	-0.323463	6.944493
4863	5935.819938	61.665533	8.254825	-0.327823	6.769763
4865	5937.909879	61.469292	8.593450	-0.328742	6.870856
4867	5940.000313	61.879110	8.259999	-0.323086	6.756185
4869	5942.090306	57.616506	9.151454	-0.320516	6.534808
4871	5944.179358	58.479749	10.295448	-0.320933	6.796269
4873	5946.269380	61.591733	8.406812	-0.323845	6.889797
4875	5948.359653	61.609393	8.419170	-0.318250	6.902581
4877	5950.449651	61.623176	8.201432	-0.321707	7.044020
4879	5952.539519	61.696192	8.091033	-0.319661	7.038329
4881	5954.630467	61.917398	8.178771	-0.311025	6.694845
4883	5956.719997	61.445029	8.265907	-0.316297	6.881778
4885	5958.809933	61.560393	8.355187	-0.317562	6.593507
4887	5960.899792	61.904924	7.995915	-0.316023	6.751208
4889	5962.989788	61.436496	8.084051	-0.318468	6.939786
4891	5965.079998	62.532105	8.705056	-0.309833	6.785019
4893	5967.170265	61.123541	8.216839	-0.312768	6.915259
4895	5969.260906	61.956886	8.465750	-0.308955	6.941452
4897	5971.350849	61.531879	8.289925	-0.313223	6.932788
4899	5973.440515	61.987129	7.759743	-0.316940	6.642563
4901	5975.530592	61.544612	8.050535	-0.311913	6.619366
4903	5977.620860	61.509654	7.792767	-0.312856	6.864748
4905	5979.711129	61.238380	7.930942	-0.314587	6.941153
4907	5981.800494	56.903751	8.158344	-0.314453	6.747837
4909	5983.891398	56.656261	8.078039	-0.313682	7.094580
4911	5985.981810	61.736451	7.708794	-0.312054	6.947580
4913	5988.071710	62.095550	7.695025	-0.310487	6.776703
4915	5990.161983	61.555424	7.750461	-0.311943	6.757918
4917	5992.251955	62.059328	8.023568	-0.308057	6.951693
4919	5994.342028	62.782339	7.820169	-0.310084	7.179256
4921	5996.432164	62.254842	7.915045	-0.307963	6.780268
4923	5998.522807	61.662292	7.550988	-0.311802	6.948206
4925	6000.612611	61.150776	7.628180	-0.310477	6.765177
4927	6002.702831	62.590546	8.138740	-0.307787	6.744053
4929	6004.793231	61.757922	7.537345	-0.311703	6.938268
4931	6006.882669	57.631093	7.882567	-0.308227	6.911163
4933	6008.973610	61.561652	8.308232	-0.315921	6.831576
4935	6011.063183	57.385979	7.894088	-0.307480	6.760332
4937	6013.153635	61.718772	7.735238	-0.307352	6.933816
